   5921 025452      5922 025456      5926 025462      5928 025466      5941 025516      5943 025517      5947 025523
   5948 025526      5950 025527      5953 025533      5954 025535      5956 025536      5960 025545      5962 025576
   5964 025603      5967 025605      5971 025620      5979 025627      5996 025631      6029 025633      6030 025636
   6032 025640      6034 025642      6040 025643      6045 025647      6046 025656      6047 025661      6048 025664
   6050 025665      6052 025670      6053 025672      6055 025674      6059 025676      6060 025677      6062 025701
   6063 025710      6064 025713      6066 025721      6067 025723      6069 025724      6078 025726      6081 025742
   6085 025750      6090 025752      6093 025767      6094 025773      6095 026001      6100 026003      6102 026012
   6104 026021      6105 026024      6107 026025      6108 026026      6110 026027      6113 026036      6117 026043
   6119 026047      6124 026052      6129 026054      6131 026060      6132 026064      6133 026066      6135 026070
   6136 026072      6138 026074      6144 026110      6151 026113      6153 026115      6154 026122      6156 026125
   6158 026127      6160 026131      6162 026134      6165 026141      6167 026143      6171 026145      6175 026154
   6179 026162      6182 026167      6183 026172      6184 026174      6187 026200      6188 026204      6190 026205
   6196 026207      6197 026212      6198 026217      6200 026224      6202 026231      6203 026236      6204 026243
   6206 026247      6207 026256      6208 026264      6211 026302      6212 026305      6216 026311      6217 026314
   6219 026317      6224 026320      6225 026322      6226 026324      6227 026327      6229 026331      6231 026340
   6232 026343      6234 026346      6238 026357      6239 026361      6242 026373      6245 026402      6249 026415
   6250 026417      6251 026422      6254 026423      6255 026425      6257 026432      6259 026435      6260 026437
   6261 026440      6262 026441      6265 026443      6268 026445      6269 026450      6271 026452      6273 026454
   6277 026460      6279 026463      6280 026466      6291 026500      6292 026503      6296 026505      6297 026510
   6299 026515      6300 026517      6302 026521      6304 026530      6305 026535      6307 026551      6309 026562
   6310 026566      6312 026570      6314 026574      6315 026575      6316 026601      6317 026607      6318 026611
   6319 026613      6321 026616      6328 026617      6329 026622      6332 026634      6333 026636      6337 026644
   6339 026654      6342 026657      6347 026675      6349 026676      6354 026700      6355 026704      6356 026707
   6357 026717      6360 026725      6362 026726      6363 026730      6365 026733      6367 026736      6375 026740
   6377 026742      6382 026746      6384 026756      6388 027000      6389 027001      6390 027003      6393 027006
   6394 027013      6395 027016      6397 027017      6398 027021      6400 027022      6408 027025      6411 027037
   6412 027041      6417 027047      6418 027051      6422 027052      6425 027054      6429 027057      6433 027061
   6436 027063      6437 027067      6442 027070      6443 027072      6447 027100      6448 027110      6449 027122
   6450 027127      6453 027153      6454 027155      6455 027157      6456 027161      6458 027163      6459 027166
   6460 027167      6462 027172      6467 027176      6468 027204      6470 027207      6471 027211      6472 027213
   6473 027215      6474 027217      6476 027221      6478 027224      6479 027226      6482 027230      6484 027234
   6485 027236      6488 027240      6489 027242      6490 027250      6491 027252      6493 027255      6495 027261
   6496 027263      6499 027265      6501 027272      6503 027273      6512 027275      6515 027323      6519 027325
   6526 027327      6528 027332      6531 027341      6534 027346      6537 027355      6541 027372      6555 027374
   6556 027377      6558 027401      6564 027403      6565 027405      6566 027411      6567 027415      6575 027416
   6580 027424      6582 027433      6584 027435      6585 027440      6586 027441      6587 027443      6588 027450
   6589 027454      6591 027460      6592 027466      6597 027476      6598 027500      6600 027502      6603 027507
   6605 027514      6607 027520      6610 027526      6611 027531      6613 027533      6614 027546      6615 027551
   6619 027555      6623 027565      6625 027567      6627 027577      6628 027601      6629 027604      6630 027620
   6632 027621      6633 027627      6634 027632      6637 027641      6638 027646      6642 027653      6643 027661
   6644 027665      6646 027702      6649 027704      6655 027705      6658 027715      6663 027717      6665 027721
   6667 027722      6677 027724      6678 027727      6680 027740      6682 027744      6683 027745      6684 027747
   6685 027755      6687 027765      6688 027767      6690 027772      6691 027773      6692 027775      6693 027777
   6698 030015      6699 030017      6701 030022      6704 030031      6706 030034      6710 030037      6720 030041
   6722 030045      6723 030050      6724 030054      6727 030061      6731 030063      6741 030065      6745 030070
   6746 030072      6747 030100      6749 030107      6751 030116      6752 030120      6754 030124      6755 030126
   6759 030131      6760 030133      6764 030144      6765 030163      6766 030166      6768 030170      6769 030174
   6770 030202      6771 030206      6772 030210      6773 030214      6775 030216      6779 030225      6780 030234
   6784 030236      6785 030237      6790 030242      6791 030257      6794 030263      6796 030271      6798 030276
   6802 030302      6807 030304      6810 030315      6811 030317      6814 030321      6818 030325      6829 030327
   6831 030334      6837 030365      6841 030367      6848 030371      6850 030373      6852 030376      6853 030401
   6858 030404      6862 030413      6863 030423      6864 030432      6868 030434      6870 030446      6872 030447
   6885 030451      6887 030454      6889 030456      6890 030460      6891 030461      6893 030463      6894 030472
   6895 030474      6896 030477      6897 030502      6899 030505      6904 030520      6905 030522      6909 030531
   6911 030540      6912 030542      6913 030544      6914 030546      6916 030547      6917 030551      6918 030554
   6920 030555      6922 030556      6933 030560      6934 030563      6936 030565      6938 030567      6943 030574
   6946 030576      6948 030600      6952 030607      6953 030614      6954 030616      6956 030623      6958 030624
   6960 030626      6975 030627      6962 030630      6967 030632      6969 030641      6970 030650      6971 030656
   6973 030662      6977 030663      6986 030664      6987 030672      6988 030675      6989 030677      6991 030701
   6994 030717      6996 030721      6999 030725      7005 030727      7012 030754      7014 030763      7016 030765
   7018 030776      7019 031000      7025 031003      7143 031006      7027 031007      7039 031011      7040 031012
   7041 031014      7043 031016      7044 031026      7048 031051      7049 031053      7050 031055      7051 031056
   7053 031057      7055 031065      7056 031066      7058 031067      7060 031072      7065 031075      7066 031100
   7069 031101      7074 031103      7075 031110      7077 031112      7080 031130      7085 031143      7086 031153
   7087 031157      7089 031162      7091 031173      7093 031201      7095 031203      7096 031205      7098 031217
   7099 031226      7101 031230      7102 031240      7104 031245      7107 031254      7109 031261      7110 031273
   7112 031305      7114 031306      7121 031307      7123 031313      7124 031317      7130 031333      7134 031341
   7135 031353      7136 031360      7141 031365      7147 031366      7165 031370      7166 031373      7167 031375
   7168 031403      7170 031404      7172 031406      7177 031421      7179 031423      7180 031424      7182 031433
   7184 031435      7185 031437      7189 031445      7193 031456      7194 031462      7195 031464      7197 031474
   7199 031475      7201 031477      7263 031500      7203 031504      7211 031506      7212 031516      7217 031525
   7221 031530      7223 031540      7225 031541      7228 031554      7229 031556      7231 031561      7234 031567
   7236 031571      7237 031603      7239 031607      7240 031610      7241 031616      7243 031622      7244 031624
   7245 031627      7247 031631      7249 031633      7252 031644      7253 031646      7254 031654      7256 031655
   7257 031662      7259 031666      7261 031672      7265 031673      7275 031675      7276 031677      7277 031701
   7278 031703      7279 031706      7281 031711      7283 031712      7288 031714      7291 031725      7292 031727
   7295 031731      7299 031735      7315 031736      7317 031740      7318 031746      7319 031751      7320 031753
   7321 031760      7322 031764      7324 031766      7330 032004      7334 032006      7336 032012      7337 032021
   7338 032023      7342 032026      7345 032042      7346 032043      7352 032051      7353 032063      7355 032067
   7359 032071      7361 032103      7364 032107      7366 032115      7368 032124      7369 032131      7372 032132
   7374 032135      7375 032143      7376 032150      7379 032155      7381 032157      7383 032162      7384 032164
   7385 032166      7387 032170      7389 032171      7399 032173      7401 032176      7402 032212      7403 032215
   7406 032216      7407 032217      7408 032221      7409 032224      7410 032227      7415 032233      7416 032237
   7417 032243      7418 032246      7419 032251      7421 032253      7425 032256      7436 032260      7441 032263
   7442 032270      7444 032302      7448 032305      7452 032314      7456 032316      7458 032322      7459 032324
   7461 032325      7462 032330      7464 032332      7468 032341      7469 032350      7470 032352      7472 032360
   7474 032361      7476 032363      7481 032364      7483 032371      7485 032375      7490 032401      7492 032414
   7494 032425      7497 032426      7498 032431      7499 032433      7500 032436      7502 032440      7504 032455
   7507 032463      7513 032465      7514 032470      7515 032472      7518 032503      7520 032504      7527 032506
   7528 032513      7529 032517      7532 032522      7536 032526      7544 032530      7545 032534      7547 032536
   7548 032544      7550 032550      7552 032564      7553 032566      7555 032571      7556 032577      7557 032601
   7558 032604      7559 032606      7561 032611      7562 032614      7563 032617      7565 032624      7567 032630
   7573 032706      7574 032710      7576 032714      7614 032744      7578 032745      7586 032747      7588 032752
   7589 032763      7590 032766      7592 032767      7594 032771      7597 033004      7600 033013      7602 033015
   7604 033020      7606 033022      7610 033046      7612 033054      7618 033055      7626 033057      7627 033066
   7628 033070      7629 033073      7631 033075      7632 033077      7634 033101      7636 033107      7640 033110
   7645 033116      7647 033126      7651 033150      7669 033151      7670 033161      7671 033171      7673 033173
   7675 033174      7696 033176      7697 033201      7698 033204      7706 033211      7708 033212      7711 033234
   7712 033244      7714 033254      7716 033273      7717 033304      7718 033307      7720 033310      7721 033316
   7723 033337      7727 033344      7728 033354      7730 033364      7732 033365      7735 033402      7736 033404
   7738 033407      7740 033415      7741 033417      7743 033422      7745 033424      7747 033426      7751 033437
   7753 033441      7756 033453      7758 033456      7761 033460      7765 033467      7767 033470      7770 033474
   7772 033477      7775 033513      7777 033520      7778 033522      7779 033524      7780 033534      7781 033535
   7783 033540      7785 033545      7790 033566      7791 033577      7793 033601      7795 033602      7797 033607
   7798 033620      7801 033622      7803 033623      7805 033626      7807 033631      7808 033637      7810 033653
   7812 033664      7816 033721      7818 033723      7820 033724      7823 033727      7826 033744      7828 033746
   7830 033747      7833 033752      7836 033762      7838 033767      7839 033771      7841 033773      7844 034003
   7846 034004      7848 034012      7849 034021      7850 034027      7852 034031      7854 034032      7856 034033
   7861 034034      7862 034041      7863 034045      7867 034051      7869 034055      7871 034056      7873 034057
   7875 034063      7877 034066      7879 034067      7886 034071      7889 034102      7892 034122      7894 034124
   7895 034130      7899 034146      7903 034150      7912 034152      7915 034176      7917 034177      7924 034201
   7928 034226      7932 034230      7937 034231      7938 034243      7939 034246      7941 034253      7943 034255
   7945 034256      7952 034260      7956 034302      7958 034303      7966 034305      7967 034307      7968 034314
   7969 034317      7971 034320      7973 034321      7987 034322      7988 034325      7990 034327      7991 034336
   7992 034340      7993 034342      7995 034345      7996 034350      7997 034352      7999 034354      8001 034363
   8002 034367      8003 034371      8006 034373      8008 034376      8010 034405      8012 034410      8013 034414
   8015 034420      8017 034433      8020 034450      8022 034451      8024 034453      8026 034456      8028 034462
   8029 034464      8032 034466      8036 034467      8039 034470      8040 034473      8041 034475      8043 034476
   8044 034504      8045 034506      8047 034510      8049 034515      8051 034521      8053 034523      8054 034540
   8056 034544      8058 034550      8059 034551      8060 034553      8062 034557      8064 034566      8066 034572
   8068 034575      8071 034601      8073 034604      8075 034610      8076 034612      8079 034614      8081 034615
   8091 034617      8093 034622      8097 034631      8099 034634      8100 034646      8104 034667      8107 034704
   8113 034707      8116 034720      8120 034725      8137 034727      8138 034732      8140 034734      8141 034736
   8143 034740      8145 034746      8146 034752      8148 034755      8149 034765      8151 034771      8152 034775
   8153 035001      8154 035003      8155 035004      8157 035005      8158 035015      8159 035017      8161 035023
   8164 035034      8165 035036      8166 035041      8169 035046      8171 035047      8173 035051      8175 035054
   8178 035062      8179 035067      8181 035077      8182 035101      8185 035105      8187 035110      8190 035114
   8192 035135      8194 035137      8196 035163      8198 035164      8201 035172      8202 035177      8204 035204
   8205 035211      8208 035215      8209 035217      8211 035227      8214 035236      8218 035243      8232 035245
   8233 035251      8235 035261      8237 035263      8239 035271      8241 035274      8245 035317      8246 035322
   8247 035324      8249 035325      8252 035337      8253 035342      8255 035346      8259 035350      8281 035352
   8282 035355      8284 035357      8286 035365      8287 035371      8289 035374      8291 035377      8293 035401
   8294 035403      8295 035405      8297 035406      8298 035410      8304 035412      8308 035434      8311 035444
   8313 035464      8317 035503      8322 035511      8323 035514      8325 035516      8326 035524      8328 035530
   8329 035534      8330 035540      8331 035542      8332 035543      8334 035544      8335 035553      8337 035555
   8340 035566      8341 035570      8342 035573      8345 035600      8347 035601      8350 035605      8351 035607
   8355 035627      8357 035630      8359 035632      8360 035634      8364 035654      8365 035661      8369 035665
   8370 035667      8371 035676      8372 035700      8373 035702      8374 035704      8376 035705      8377 035717
   8379 035726      8381 035731      8383 035734      8384 035745      8386 035757      8388 035761      8394 035776
   8396 036006      8398 036013      8400 036016      8402 036022      8403 036024      8406 036026      8407 036030
   8408 036036      8409 036040      8411 036043      8413 036047      8414 036051      8418 036053      8420 036063
   8425 036072      8429 036077      8442 036101      8443 036104      8445 036105      8447 036117      8448 036122
   8452 036126      8456 036130      8458 036134      8459 036143      8461 036145      8464 036160      8466 036161
   8468 036165      8471 036173      8472 036205      8474 036212      8475 036214      8477 036215      8479 036220
   8482 036232      8483 036235      8485 036237      8487 036240      8490 036245      8492 036246      8510 036250
   8511 036253      8517 036256      8518 036263      8519 036265      8520 036266      8522 036267      8523 036305
   8525 036310      8528 036320      8529 036322      8530 036325      8533 036332      8535 036333      8537 036340
   8539 036345      8544 036352      8545 036356      8546 036366      8548 036371      8551 036373      8556 036402
   8557 036405      8558 036410      8563 036420      8566 036431      8568 036434      8574 036440      8585 036442
   8586 036445      8588 036450      8589 036456      8591 036466      8593 036471      8595 036475      8596 036477
   8599 036502      8603 036506      8611 036510      8612 036514      8613 036521      8614 036525      8616 036526
   8620 036530      8630 036532      8632 036534      8633 036536      8634 036537      8636 036541      8637 036550
   8638 036552      8639 036555      8640 036560      8642 036563      8645 036573      8647 036600      8648 036602
   8649 036614      8650 036616      8653 036617      8657 036621      8658 036625      8660 036631      8661 036635
   8663 036641      8664 036643      8665 036645      8671 036651      8673 036671      8674 036677      8677 036701
   8678 036704      8680 036705      8682 036715      8683 036717      8686 036721      8688 036722      8694 036724
   8696 036735      8698 036740      8699 036743      8701 036745    7    5 036746    7   13 036750    7   16 036754
 7   18 036760    7   22 036765    7   23 036777    7   28 037000    7   34 037002    7   37 037016    7   38 037020
 7   39 037022    7   44 037025    7   50 037027    7   51 037032    7   52 037034    7   54 037037    7   55 037114
 7   58 037120    7   62 037123    7   73 037125    7   75 037127    7   76 037131    7   77 037136    7   78 037140
 7   79 037143    7   82 037155    7   83 037160    7   85 037161    7   87 037163    7   90 037164    7   94 037166
 7   97 037177    7   98 037201    7  101 037203    7  106 037207    7  114 037211    7  116 037215    7  118 037220
 7  122 037225    7  123 037305    7  130 037312    7  137 037314    7  138 037321    7  139 037323    7  141 037326
 7  143 037332    7  144 037336    7  145 037340    7  147 037341    7  148 037344    7  149 037347    7  152 037352
 7  156 037353    7  162 037361    7  165 037370    7  166 037374    7  167 037401    7  168 037402    7  172 037404
 7  175 037412    7  177 037413    7  186 037415    7  187 037420    7  191 037424    7  192 037426    7  193 037431
 7  194 037435    7  195 037436    7  199 037443    7  203 037451    7  205 037455    7  207 037461    7  209 037462
 7  218 037464    7  220 037466    7  221 037471    7  222 037474    7  224 037477    7  227 037506    7  228 037513
 7  229 037520    7  232 037522    7  236 037523    7  244 037531    7  245 037535    7  247 037540    7  248 037542
 7  249 037543    7  251 037547    7  252 037560    7  255 037570    7  256 037571    7  258 037573    7  260 037574
 7  262 037576    7  263 037612    7  266 037613    7  268 037617    7  269 037621    7  271 037630    7  273 037631
 7  275 037642    7  277 037650    7  278 037656    7  280 037663    7  282 037664    7  289 037666    7  290 037670
 7  292 037700    7  293 037707    7  295 037717    7  297 037721    9   10 037724    9   20 037732    9   22 037741
 9   23 037743    9   24 037745    9   25 037755    9   26 037762    9   29 037765    9   30 040043    9   32 040044
 8   13 040050    8   40 040056    8   41 040061    8   43 040065    8   45 040074    8   46 040144    8   47 040146
 8   49 040150    8   51 040153    8   52 040155    8   53 040156    8   54 040157    8   57 040162    8   61 040166
 8   62 040171    8   63 040174    8   65 040177    8   69 040214    8   70 040217    8   74 040220    8   76 040237
 8   78 040246    8   80 040251    8   81 040253    8   82 040260    8   83 040264    8   84 040266    8   85 040270
 8   87 040273    8   89 040277    8   91 040306    8   93 040315    8   95 040317      8713 040322      8719 040323
   8720 040327      8721 040330      8722 040336      8723 040340      8724 040343      8726 040345      8728 040365
   8729 040371      8730 040372      8731 040400      8732 040402      8733 040405      8735 040407      8737 040432
