 163145 156144   17992  	oct	163145156144
    043061  aa   151156 147040   17993  	oct	151156147040
    043062  aa   157160 145162   17994  	oct	157160145162
    043063  aa   141156 144040   17995  	oct	141156144040
    043064  aa   156157 164040   17996  	oct	156157164040
    043065  aa   154145 147141   17997  	oct	154145147141
    043066  aa   154040 143141   17998  	oct	154040143141
    043067  aa   164145 147157   17999  	oct	164145147157
    043070  aa   162171 040111   18000  	oct	162171040111
    043071  aa   164145 155040   18001  	oct	164145155040
    043072  aa   136040 167151   18002  	oct	136040167151
    043073  aa   164150 040103   18003  	oct	164150040103
    043074  aa   117122 122105   18004  	oct	117122122105
    043075  aa   123120 117116   18005  	oct	123120117116
    043076  aa   104111 116107   18006  	oct	104111116107
    043077  aa   040157 160164   18007  	oct	040157160164
    043100  aa   151157 156040   18008  	oct	151157156040
    043101  aa   147151 166145   18009  	oct	147151166145
    043102  aa   163040 141156   18010  	oct	163040141156
    043103  aa   040165 156144   18011  	oct	040165156144
    043104  aa   145146 151156   18012  	oct	145146151156
    043105  aa   145144 040162   18013  	oct	145144040162
    043106  aa   145163 165154   18014  	oct	145163165154
    043107  aa   164040 143157   18015  	oct	164040143157
    043110  aa   156164 151156   18016  	oct	156164151156
    043111  aa   165141 164151   18017  	oct	165141164151
    043112  aa   157156 040157   18018  	oct	157156040157
    043113  aa   146040 141040   18019  	oct	146040141040
    043114  aa   167157 162144   18020  	oct	167157162144
    043115  aa   040157 162040   18021  	oct	040157162040
    043116  aa   156165 155145   18022  	oct	156165155145
    043117  aa   162151 143040   18023  	oct	162151143040
    043120  aa   154151 164145   18024  	oct	154151164145
    043121  aa   162141 154040   18025  	oct	162141154040
    043122  aa   163145 155151   18026  	oct	163145155151
    043123  aa   055143 157154   18027  	oct	055143157154
    043124  aa   157156 040157   18028  	oct	157156040157
    043125  aa   162040 143157   18029  	oct	162040143157
    043126  aa   155155 141040   18030  	oct	155155141040
    043127  aa   141163 040163   18031  	oct	141163040163
    043130  aa   145160 141162   18032  	oct	145160141162
    043131  aa   141164 157162   18033  	oct	141164157162
    043132  aa   040104 101124   18034  	oct	040104101124
    043133  aa   105055 103117   18035  	oct	105055103117
    043134  aa   115120 111114   18036  	oct	115120111114
    043135  aa   105104 040160   18037  	oct	105104040160
    043136  aa   141162 141147   18038  	oct	141162141147
    043137  aa   162141 160150   18039  	oct	162141160150
    043140  aa   040144 141164   18040  	oct	040144141164
    043141  aa   141055 156141   18041  	oct	141055156141
    043142  aa   155145 040142   18042  	oct	155145040142
    043143  aa   145147 151156   18043  	oct	145147151156
    043144  aa   163040 167151   18044  	oct	163040167151
    043145  aa   164150 040156   18045  	oct	164150040156
    043146  aa   157156 055141   18046  	oct	157156055141
    043147  aa   154160 150141   18047  	oct	154160150141
    043150  aa   142145 164151   18048  	oct	142145164151
    043151  aa   143040 143150   18049  	oct	143040143150
    043152  aa   141162 141143   18050  	oct	141162141143
    043153  aa   164145 162040   18051  	oct	164145162040
    043154  aa   161165 141154   18052  	oct	161165141154
    043155  aa   151146 151145   18053  	oct	151146151145
    043156  aa   144040 144141   18054  	oct	144040144141
    043157  aa   164141 055156   18055  	oct	164141055156
    043160  aa   141155 145040   18056  	oct	141155145040
    043161  aa   165163 145162   18057  	oct	165163145162
    043162  aa   040144 145146   18058  	oct	040144145146
    043163  aa   151156 145144   18059  	oct	151156145144
    043164  aa   040141 154160   18060  	oct	040141154160
    043165  aa   150141 142145   18061  	oct	150141142145
    043166  aa   164040 111104   18062  	oct	164040111104
    043167  aa   040160 141162   18063  	oct	040160141162
    043170  aa   141147 162141   18064  	oct	141147162141
    043171  aa   160150 163040   18065  	oct	160150163040
    043172  aa   157165 164040   18066  	oct	157165164040
    043173  aa   157146 040157   18067  	oct	157146040157
    043174  aa   162144 145162   18068  	oct	162144145162
    043175  aa   040103 117116   18069  	oct	040103117116
    043176  aa   124122 117114   18070  	oct	124122117114
    043177  aa   040104 111126   18071  	oct	040104111126
    043200  aa   111123 111117   18072  	oct	111123111117
    043201  aa   116040 117120   18073  	oct	116040117120
    043202  aa   124111 117116   18074  	oct	124111117116
    043203  aa   101114 040146   18075  	oct	101114040146
    043204  aa   151154 145040   18076  	oct	151154145040
    043205  aa   167151 164150   18077  	oct	167151164150
    043206  aa   040156 157156   18078  	oct	040156157156
    043207  aa   055163 145161   18079  	oct	055163145161
    043210  aa   165145 156164   18080  	oct	165145156164
    043211  aa   151141 154040   18081  	oct	151141154040
    043212  aa   157162 147141   18082  	oct	157162147141
    043213  aa   156151 172141   18083  	oct	156151172141
    043214  aa   164151 157156   18084  	oct	164151157156
    043215  aa   040076 054040   18085  	oct	040076054040
    043216  aa   075054 040074   18086  	oct	075054040074
    043217  aa   040141 163040   18087  	oct	040141163040
    043220  aa   162145 154141   18088  	oct	162145154141
    043221  aa   164151 157156   18089  	oct	164151157156
    043222  aa   141154 040157   18090  	oct	141154040157
    043223  aa   160145 162141   18091  	oct	160145162141
    043224  aa   164157 162163   18092  	oct	164157162163
    043225  aa   040157 160145   18093  	oct	040157160145
    043226  aa   162141 156144   18094  	oct	162141156144
    043227  aa   163040 150141   18095  	oct	163040150141
    043230  aa   166151 156147   18096  	oct	166151156147
    043231  aa   040165 156145   18097  	oct	040165156145
    043232  aa   161165 141154   18098  	oct	161165141154
    043233  aa   040163 151172   18099  	oct	040163151172
    043234  aa   145163 040156   18100  	oct	145163040156
    043235  aa   145163 164145   18101  	oct	145163164145
    043236  aa   144040 111106   18102  	oct	144040111106
    043237  aa   040163 164141   18103  	oct	040163164141
    043240  aa   164145 155145   18104  	oct	164145155145
    043241  aa   156164 163040   18105  	oct	156164163040
    043242  aa   141162 151164   18106  	oct	141162151164
    043243  aa   150155 145164   18107  	oct	150155145164
    043244  aa   151143 040145   18108  	oct	151143040145
    043245  aa   170160 162145   18109  	oct	170160162145
    043246  aa   163163 151157   18110  	oct	163163151157
    043247  aa   156040 151156   18111  	oct	156040151156
    043250  aa   040141 040162   18112  	oct	040141040162
    043251  aa   145154 141164   18113  	oct	145154141164
    043252  aa   151157 156040   18114  	oct	151157156040
    043253  aa   143157 156144   18115  	oct	143157156144
    043254  aa   151164 151157   18116  	oct	151164151157
    043255  aa   156040 143157   18117  	oct	156040143157
    043256  aa   156144 151164   18118  	oct	156144151164
    043257  aa   151157 156055   18119  	oct	151157156055
    043260  aa   156141 155145   18120  	oct	156141155145
    043261  aa   040143 157156   18121  	oct	040143157156
    043262  aa   144151 164151   18122  	oct	144151164151
    043263  aa   157156 040163   18123  	oct	157156040163
    043264  aa   151147 156040   18124  	oct	151147156040
    043265  aa   143157 156144   18125  	oct	143157156144
    043266  aa   151164 151157   18126  	oct	151164151157
    043267  aa   156040 156145   18127  	oct	156040156145
    043270  aa   147141 164145   18128  	oct	147141164145
    043271  aa   144040 163151   18129  	oct	144040163151
    043272  aa   155160 154145   18130  	oct	155160154145
    043273  aa   040143 157156   18131  	oct	040143157156
    043274  aa   144151 164151   18132  	oct	144151164151
    043275  aa   157156 040143   18133  	oct	157156040143
    043276  aa   157155 142151   18134  	oct	157155142151
    043277  aa   156145 144040   18135  	oct	156145144040
    043300  aa   143157 156144   18136  	oct	143157156144
    043301  aa   151164 151157   18137  	oct	151164151157
    043302  aa   156040 141142   18138  	oct	156040141142
    043303  aa   142162 145166   18139  	oct	142162145166
    043304  aa   151141 164145   18140  	oct	151141164145
    043305  aa   144040 162145   18141  	oct	144040162145
    043306  aa   154141 164151   18142  	oct	154141164151
    043307  aa   157156 040143   18143  	oct	157156040143
    043310  aa   157156 144151   18144  	oct	157156144151
    043311  aa   164151 157156   18145  	oct	164151157156
    043312  aa   040103 117122   18146  	oct	040103117122
    043313  aa   122105 123120   18147  	oct	122105123120
    043314  aa   117116 104111   18148  	oct	117116104111
    043315  aa   116107 040160   18149  	oct	116107040160
    043316  aa   150162 141163   18150  	oct	150162141163
    043317  aa   145040 103117   18151  	oct	145040103117
    043320  aa   115120 125124   18152  	oct	115120125124
    043321  aa   105040 163164   18153  	oct	105040163164
    043322  aa   141164 145155   18154  	oct	141164145155
    043323  aa   145156 164040   18155  	oct	145156164040
    043324  aa   106122 117115   18156  	oct	106122117115
    043325  aa   040155 156145   18157  	oct	040155156145
    043326  aa   155157 156151   18158  	oct	155157156151
    043327  aa   143055 156141   18159  	oct	143055156141
    043330  aa   155145 040160   18160  	oct	155145040160
    043331  aa   150162 141163   18161  	oct	150162141163
    043332  aa   145040 104101   18162  	oct	145040104101
    043333  aa   131057 104101   18163  	oct	131057104101
    043334  aa   124105 057124   18164  	oct	124105057124
    043335  aa   111115 105040   18165  	oct	111115105040
    043336  aa   160150 162141   18166  	oct	160150162141
    043337  aa   163145 040151   18167  	oct	163145040151
    043340  aa   144145 156164   18168  	oct	144145156164
    043341  aa   151146 151145   18169  	oct	151146151145
    043342  aa   162040 163145   18170  	oct	162040163145
    043343  aa   162151 145163   18171  	oct	162151145163
    043344  aa   040124 117040   18172  	oct	040124117040
    043345  aa   120122 117103   18173  	oct	120122117103
    043346  aa   105105 104040   18174  	oct	105105104040
    043347  aa   124117 040160   18175  	oct	124117040160
    043350  aa   150162 141163   18176  	oct	150162141163
    043351  aa   145040 163145   18177  	oct	145040163145
    043352  aa   162151 145163   18178  	oct	162151145163
    043353  aa   040125 120117   18179  	oct	040125120117
    043354  aa   116040 155156   18180  	oct	116040155156
    043355  aa   145155 157156   18181  	oct	145155157156
    043356  aa   151143 055156   18182  	oct	151143055156
    043357  aa   141155 145040   18183  	oct	141155145040
    043360  aa   160150 162141   18184  	oct	160150162141
    043361  aa   163145 040122   18185  	oct	163145040122
    043362  aa   105115 101111   18186  	oct	105115101111
    043363  aa   116104 105122   18187  	oct	116104105122
    043364  aa   040160 150162   18188  	oct	040160150162
    043365  aa   141163 145040   18189  	oct	141163145040
    043366  aa   141154 164145   18190  	oct	141154164145
    043367  aa   162141 142154   18191  	oct	162141142154
    043370  aa   145040 107117   18192  	oct	145040107117
    043371  aa   040124 117040   18193  	oct	040124117040
    043372  aa   160141 162141   18194  	oct	160141162141
    043373  aa   147162 141160   18195  	oct	147162141160
    043374  aa   150040 145170   18196  	oct	150040145170
    043375  aa   164145 156144   18197  	oct	164145156144
    043376  aa   145144 040163   18198  	oct	145144040163
    043377  aa   151155 160154   18199  	oct	151155160154
    043400  aa   145040 151156   18200  	oct	145040151156
    043401  aa   163145 162164   18201  	oct	163145162164
    043402  aa   151157 156040   18202  	oct	151157156040
    043403  aa   143150 141162   18203  	oct	143150141162
    043404  aa   141143 164145   18204  	oct	141143164145
    043405  aa   162163 040105   18205  	oct	162163040105
    043406  aa   130124 105116   18206  	oct	130124105116
    043407  aa   104040 160150   18207  	oct	104040160150
    043410  aa   162141 163145   18208  	oct	162141163145
    043411  aa   040125 116124   18209  	oct	040125116124
    043412  aa   111114 040160   18210  	oct	111114040160
    043413  aa   150162 141163   18211  	oct	150162141163
    043414  aa   145040 126101   18212  	oct	145040126101
    043415  aa   122131 111116   18213  	oct	122131111116
    043416  aa   107040 160150   18214  	oct	107040160150
    043417  aa   162141 163145   18215  	oct	162141163145
    043420  aa   040123 124122   18216  	oct	040123124122
    043421  aa   111116 107040   18217  	oct	111116107040
    043422  aa   163164 141164   18218  	oct	163164141164
    043423  aa   145155 145156   18219  	oct	145155145156
    043424  aa   164040 125116   18220  	oct	164040125116
    043425  aa   123124 122111   18221  	oct	123124122111
    043426  aa   116107 040163   18222  	oct	116107040163
    043427  aa   164141 164145   18223  	oct	164141164145
    043430  aa   155145 156164   18224  	oct	155145156164
    043431  aa   040160 162157   18225  	oct	040160162157
    043432  aa   147162 141155   18226  	oct	147162141155
    043433  aa   055151 144040   18227  	oct	055151144040
    043434  aa   143157 156164   18228  	oct	143157156164
    043435  aa   141151 156163   18229  	oct	141151156163
    043436  aa   040165 156144   18230  	oct	040165156144
    043437  aa   145162 163143   18231  	oct	145162163143
    043440  aa   157162 145040   18232  	oct	157162145040
    043441  aa   143150 141162   18233  	oct	143150141162
    043442  aa   141143 164145   18234  	oct	141143164145
    043443  aa   162040 105116   18235  	oct	162040105116
    043444  aa   104055 117106   18236  	oct	104055117106
    043445  aa   055120 101107   18237  	oct	055120101107
    043446  aa   105040 157160   18238  	oct	105040157160
    043447  aa   164151 157156   18239  	oct	164151157156
    043450  aa   040106 104040   18240  	oct	040106104040
    043451  aa   143154 141165   18241  	oct	143154141165
    043452  aa   163145 040102   18242  	oct	163145040102
    043453  aa   114117 103113   18243  	oct	114117103113
    043454  aa   040103 117116   18244  	oct	040103117116
    043455  aa   124101 111116   18245  	oct	124101111116
    043456  aa   123040 143154   18246  	oct	123040143154
    043457  aa   141165 163145   18247  	oct	141165163145
    043460  aa   040114 101102   18248  	oct	040114101102
    043461  aa   105114 040122   18249  	oct	105114040122
    043462  aa   105103 117122   18250  	oct	105103117122
    043463  aa   104123 040143   18251  	oct	104123040143
    043464  aa   154141 165163   18252  	oct	154141165163
    043465  aa   145040 105130   18253  	oct	145040105130
    043466  aa   124105 116104   18254  	oct	124105116104
    043467  aa   040155 157144   18255  	oct	040155157144
    043470  aa   145040 156157   18256  	oct	145040156157
    043471  aa   156055 160157   18257  	oct	156055160157
    043472  aa   163151 164151   18258  	oct	163151164151
    043473  aa   166145 040151   18259  	oct	166145040151
    043474  aa   156164 145147   18260  	oct	156164145147
    043475  aa   145162 040146   18261  	oct	145162040146
    043476  aa   151154 145040   18262  	oct	151154145040
    043477  aa   156141 155145   18263  	oct	156141155145
    043500  aa   040163 145162   18264  	oct	040163145162
    043501  aa   151145 163040   18265  	oct	151145163040
    043502  aa   162145 146145   18266  	oct	162145146145
    043503  aa   162145 156143   18267  	oct	162145156143
    043504  aa   145040 164157   18268  	oct	145040164157
    043505  aa   040114 111116   18269  	oct	040114111116
    043506  aa   101107 105055   18270  	oct	101107105055
    043507  aa   103117 125116   18271  	oct	103117125116
    043510  aa   124105 122040   18272  	oct	124105122040
    043511  aa   117120 105116   18273  	oct	117120105116
    043512  aa   040155 157144   18274  	oct	040155157144
    043513  aa   145040 163145   18275  	oct	145040163145
    043514  aa   162151 145163   18276  	oct	162151145163
    043515  aa   040141 162151   18277  	oct	040141162151
    043516  aa   164150 155145   18278  	oct	164150155145
    043517  aa   164151 143040   18279  	oct	164151143040
    043520  aa   157160 145162   18280  	oct	157160145162
    043521  aa   141164 157162   18281  	oct	141164157162
    043522  aa   040156 157164   18282  	oct	040156157164
    043523  aa   040163 165162   18283  	oct	040163165162
    043524  aa   162157 165156   18284  	oct	162157165156
    043525  aa   144145 144040   18285  	oct	144145144040
    043526  aa   142171 040163   18286  	oct	142171040163
    043527  aa   160141 143145   18287  	oct	160141143145
    043530  aa   163040 162145   18288  	oct	163040162145
    043531  aa   154141 164151   18289  	oct	154141164151
    043532  aa   157156 141154   18290  	oct	157156141154
    043533  aa   040143 150141   18291  	oct	040143150141
    043534  aa   162141 143164   18292  	oct	162141143164
    043535  aa   145162 040156   18293  	oct	145162040156
    043536  aa   157164 040163   18294  	oct	157164040163
    043537  aa   165162 162157   18295  	oct	165162162157
    043540  aa   165156 144145   18296  	oct	165156144145
    043541  aa   144040 142171   18297  	oct	144040142171
    043542  aa   040163 160141   18298  	oct	040163160141
    043543  aa   143145 163040   18299  	oct	143145163040
    043544  aa   123105 107115   18300  	oct	123105107115
    043545  aa   105116 124055   18301  	oct	105116124055
    043546  aa   114111 115111   18302  	oct	114111115111
    043547  aa   124040 143154   18303  	oct	124040143154
    043550  aa   141165 163145   18304  	oct	141165163145
    043551  aa   040156 145163   18305  	oct	040156145163
    043552  aa   164145 144040   18306  	oct	164145144040
    043553  aa   162145 144145   18307  	oct	162145144145
    043554  aa   146151 156145   18308  	oct	146151156145
    043555  aa   163040 162145   18309  	oct	163040162145
    043556  aa   144145 146151   18310  	oct	144145146151
    043557  aa   156145 163040   18311  	oct	156145163040
    043560  aa   163165 142157   18312  	oct	163165142157
    043561  aa   162144 151156   18313  	oct	162144151156
    043562  aa   141164 145040   18314  	oct	141164145040
    043563  aa   164157 040157   18315  	oct	164157040157
    043564  aa   143143 165162   18316  	oct	143143165162
    043565  aa   163040 122105   18317  	oct	163040122105
    043566  aa   126105 122123   18318  	oct	126105122123
    043567  aa   105104 040160   18319  	oct	105104040160
    043570  aa   150162 141163   18320  	oct	150162141163
    043571  aa   145040 122105   18321  	oct	145040122105
    043572  aa   127111 116104   18322  	oct	127111116104
    043573  aa   040160 150162   18323  	oct	040160150162
    043574  aa   141163 145040   18324  	oct	141163145040
    043575  aa   122105 115117   18325  	oct	122105115117
    043576  aa   126101 114040   18326  	oct	126101114040
    043577  aa   160150 162141   18327  	oct	160150162141
    043600  aa   163145 040114   18328  	oct	163145040114
    043601  aa   117103 113040   18329  	oct	117103113040
    043602  aa   160150 162141   18330  	oct	160150162141
    043603  aa   163145 040101   18331  	oct	163145040101
    043604  aa   114114 057114   18332  	oct	114114057114
    043605  aa   105101 104111   18333  	oct	105101104111
    043606  aa   116107 040160   18334  	oct	116107040160
    043607  aa   150162 141163   18335  	oct	150162141163
    043610  aa   145040 163145   18336  	oct	145040163145
    043611  aa   162151 145163   18337  	oct	162151145163
    043612  aa   040124 101114   18338  	oct	040124101114
    043613  aa   114131 111116   18339  	oct	114131111116
    043614  aa   107040 160150   18340  	oct	107040160150
    043615  aa   162141 163145   18341  	oct	162141163145
    043616  aa   040163 145162   18342  	oct	040163145162
    043617  aa   151145 163040   18343  	oct	151145163040
    043620  aa   101114 114055   18344  	oct	101114114055
    043621  aa   114105 101104   18345  	oct	114105101104
    043622  aa   111116 107055   18346  	oct	111116107055
    043623  aa   106111 122123   18347  	oct	106111122123
    043624  aa   124040 160150   18348  	oct	124040160150
    043625  aa   162141 163145   18349  	oct	162141163145
    043626  aa   040163 145162   18350  	oct	040163145162
    043627  aa   151145 163040   18351  	oct	151145163040
    043630  aa   122105 114101   18352  	oct	122105114101
    043631  aa   124111 126105   18353  	oct	124111126105
    043632  aa   040113 105131   18354  	oct	040113105131
    043633  aa   040167 151164   18355  	oct	040167151164
    043634  aa   150151 156040   18356  	oct	150151156040
    043635  aa   162145 143157   18357  	oct	162145143157
    043636  aa   162144 040123   18358  	oct	162144040123
    043637  aa   105101 122103   18359  	oct	105101122103
    043640  aa   110040 163164   18360  	oct	110040163164
    043641  aa   141164 145155   18361  	oct	141164145155
    043642  aa   145156 164040   18362  	oct	145156164040
    043643  aa   122105 103117   18363  	oct	122105103117
    043644  aa   122104 040113   18364  	oct	122104040113
    043645  aa   105131 040156   18365  	oct	105131040156
    043646  aa   157164 040167   18366  	oct	157164040167
    043647  aa   151164 150151   18367  	oct	151164150151
    043650  aa   156040 162145   18368  	oct	156040162145
    043651  aa   143157 162144   18369  	oct	143157162144
    043652  aa   040115 105122   18370  	oct	040115105122
    043653  aa   107105 040163   18371  	oct	107105040163
    043654  aa   164141 164145   18372  	oct	164141164145
    043655  aa   155145 156164   18373  	oct	155145156164
    043656  aa   040122 105114   18374  	oct	040122105114
    043657  aa   105101 123105   18375  	oct	105101123105
    043660  aa   040163 164141   18376  	oct	040163164141
    043661  aa   164145 155145   18377  	oct	164145155145
    043662  aa   156164 040122   18378  	oct	156164040122
    043663  aa   105124 125122   18379  	oct	105124125122
    043664  aa   116040 163164   18380  	oct	116040163164
    043665  aa   141164 145155   18381  	oct	141164145155
    043666  aa   145156 164040   18382  	oct	145156164040
    043667  aa   123117 122124   18383  	oct	123117122124
    043670  aa   040163 164141   18384  	oct	040163164141
    043671  aa   164145 155145   18385  	oct	164145155145
    043672  aa   156164 040103   18386  	oct	156164040103
    043673  aa   117114 114101   18387  	oct	117114114101
    043674  aa   124111 116107   18388  	oct	124111116107
    043675  aa   040123 105121   18389  	oct	040123105121
    043676  aa   125105 116103   18390  	oct	125105116103
    043677  aa   105040 160150   18391  	oct	105040160150
    043700  aa   162141 163145   18392  	oct	162141163145
    043701  aa   040103 117120   18393  	oct	040103117120
    043702  aa   131040 163164   18394  	oct	131040163164
    043703  aa   141164 145155   18395  	oct	141164145155
    043704  aa   145156 164040   18396  	oct	145156164040
    043705  aa   103117 120131   18397  	oct	103117120131
    043706  aa   040163 164141   18398  	oct	040163164141
    043707  aa   164145 155145   18399  	oct	164145155145
    043710  aa   156164 040167   18400  	oct	156164040167
    043711  aa   151164 150040   18401  	oct	151164150040
    043712  aa   122105 120114   18402  	oct	122105120114
    043713  aa   101103 111116   18403  	oct	101103111116
    043714  aa   107040 160150   18404  	oct	107040160150
    043715  aa   162141 163145   18405  	oct	162141163145
    043716  aa   040103 101114   18406  	oct	040103101114
    043717  aa   114040 154151   18407  	oct	114040154151
    043720  aa   164145 162141   18408  	oct	164145162141
    043721  aa   154040 163164   18409  	oct	154040163164
    043722  aa   141164 145155   18410  	oct	141164145155
    043723  aa   145156 164040   18411  	oct	145156164040
    043724  aa   117116 040117   18412  	oct	117116040117
    043725  aa   126105 122106   18413  	oct	126105122106
    043726  aa   114117 127040   18414  	oct	114117127040
    043727  aa   160150 162141   18415  	oct	160150162141
    043730  aa   163145 040103   18416  	oct	163145040103
    043731  aa   101116 103105   18417  	oct	101116103105
    043732  aa   114040 163164   18418  	oct	114040163164
    043733  aa   141164 145155   18419  	oct	141164145155
    043734  aa   145156 164040   18420  	oct	145156164040
    043735  aa   105130 111124   18421  	oct	105130111124
    043736  aa   040120 122117   18422  	oct	040120122117
    043737  aa   107122 101115   18423  	oct	107122101115
    043740  aa   040163 164141   18424  	oct	040163164141
    043741  aa   164145 155145   18425  	oct	164145155145
    043742  aa   156164 040101   18426  	oct	156164040101
    043743  aa   103103 105120   18427  	oct	103103105120
    043744  aa   124040 115105   18428  	oct	124040115105
    043745  aa   123123 101107   18429  	oct	123123101107
    043746  aa   105040 103117   18430  	oct	105040103117
    043747  aa   125116 124040   18431  	oct	125116124040
    043750  aa   163164 141164   18432  	oct	163164141164
    043751  aa   145155 145156   18433  	oct	145155145156
    043752  aa   164040 104111   18434  	oct	164040104111
    043753  aa   123101 102114   18435  	oct	123101102114
    043754  aa   105040 163164   18436  	oct	105040163164
    043755  aa   141164 145155   18437  	oct	141164145155
    043756  aa   145156 164040   18438  	oct	145156164040
    043757  aa   124105 122115   18439  	oct	124105122115
    043760  aa   111116 101114   18440  	oct	111116101114
    043761  aa   040160 150162   18441  	oct	040160150162
    043762  aa   141163 145040   18442  	oct	141163145040
    043763  aa   105116 101102   18443  	oct	105116101102
    043764  aa   114105 040163   18444  	oct	114105040163
    043765  aa   164141 164145   18445  	oct	164141164145
    043766  aa   155145 156164   18446  	oct	155145156164
    043767  aa   040122 105103   18447  	oct	040122105103
    043770  aa   105111 126105   18448  	oct	105111126105
    043771  aa   040163 164141   18449  	oct	040163164141
    043772  aa   164145 155145   18450  	oct	164145155145
    043773  aa   156164 040123   18451  	oct	156164040123
    043774  aa   105107 115105   18452  	oct	105107115105
    043775  aa   116124 040160   18453  	oct	116124040160
    043776  aa   150162 141163   18454  	oct	150162141163
    043777  aa   145040 146157   18455  	oct	145040146157
    044000  aa   162155 141164   18456  	oct	162155141164
    044001  aa   040062 040123   18457  	oct	040062040123
    044002  aa   105116 104040   18458  	oct	105116104040
    044003  aa   163164 141164   18459  	oct	163164141164
    044004  aa   145155 145156   18460  	oct	145155145156
    044005  aa   164040 127111   18461  	oct	164040127111
    044006  aa   124110 040151   18462  	oct	124110040151
    044007  aa   144145 156164   18463  	oct	144145156164
    044010  aa   151146 151145   18464  	oct	151146151145
    044011  aa   162040 160150   18465  	oct	162040160150
    044012  aa   162141 163145   18466  	oct	162141163145
    044013  aa   040127 111124   18467  	oct	040127111124
    044014  aa   110040 105123   18468  	oct	110040105123
    044015  aa   111040 160150   18469  	oct	111040160150
    044016  aa   162141 163145   18470  	oct	162141163145
    044017  aa   040163 145147   18471  	oct	040163145147
    044020  aa   155145 156164   18472  	oct	155145156164
    044021  aa   040156 165155   18473  	oct	040156165155
    044022  aa   142145 162163   18474  	oct	142145162163
    044023  aa   040125 123111   18475  	oct	040125123111
    044024  aa   116107 040160   18476  	oct	116107040160
    044025  aa   150162 141163   18477  	oct	150162141163
    044026  aa   145040 123105   18478  	oct	145040123105
    044027  aa   103124 111117   18479  	oct	103124111117
    044030  aa   116047 163040   18480  	oct	116047163040
    044031  aa   167151 164150   18481  	oct	167151164150
    044032  aa   040145 161165   18482  	oct	040145161165
    044033  aa   141154 040163   18483  	oct	141154040163
    044034  aa   145147 155145   18484  	oct	145147155145
    044035  aa   156164 040156   18485  	oct	156164040156
    044036  aa   165155 142145   18486  	oct	165155142145
    044037  aa   162163 040156   18487  	oct	162163040156
    044040  aa   157164 040143   18488  	oct	157164040143
    044041  aa   157156 164151   18489  	oct	157156164151
    044042  aa   147165 157165   18490  	oct	147165157165
    044043  aa   163040 125123   18491  	oct	163040125123
    044044  aa   105040 106117   18492  	oct	105040106117
    044045  aa   122040 104105   18493  	oct	122040104105
    044046  aa   102125 107107   18494  	oct	102125107107
    044047  aa   111116 107040   18495  	oct	111116107040
    044050  aa   157156 040160   18496  	oct	157156040160
    044051  aa   162157 143145   18497  	oct	162157143145
    044052  aa   144165 162145   18498  	oct	144165162145
    044053  aa   055156 141155   18499  	oct	055156141155
    044054  aa   145040 163164   18500  	oct	145040163164
    044055  aa   141164 145155   18501  	oct	141164145155
    044056  aa   145156 164040   18502  	oct	145156164040
    044057  aa   103104 055156   18503  	oct	103104055156
    044060  aa   141155 145040   18504  	oct	141155145040
    044061  aa   146151 154145   18505  	oct	146151154145
    044062  aa   055156 141155   18506  	oct	055156141155
    044063  aa   145040 151144   18507  	oct	145040151144
    044064  aa   145156 164151   18508  	oct	145156164151
    044065  aa   146151 145162   18509  	oct	146151145162
    044066  aa   040156 141155   18510  	oct	040156141155
    044067  aa   145040 122105   18511  	oct	145040122105
    044070  aa   123105 122126   18512  	oct	123105122126
    044071  aa   105104 054040   18513  	oct	105104054040
    044072  aa   150157 154144   18514  	oct	150157154144
    044073  aa   040163 164141   18515  	oct	040163164141
    044074  aa   164145 155145   18516  	oct	164145155145
    044075  aa   156164 040122   18517  	oct	156164040122
    044076  aa   105123 105122   18518  	oct	105123105122
    044077  aa   126105 104054   18519  	oct	126105104054
    044100  aa   040151 156151   18520  	oct	040151156151
    044101  aa   164151 141164   18521  	oct	164151141164
    044102  aa   145040 163164   18522  	oct	145040163164
    044103  aa   141164 145155   18523  	oct	141164145155
    044104  aa   145156 164040   18524  	oct	145156164040
    044105  aa   122105 123105   18525  	oct	122105123105
    044106  aa   122126 105104   18526  	oct	122126105104
    044107  aa   054040 160162   18527  	oct	054040160162
    044110  aa   157143 145163   18528  	oct	157143145163
    044111  aa   163040 163164   18529  	oct	163040163164
    044112  aa   141164 145155   18530  	oct	141164145155
    044113  aa   145156 164040   18531  	oct	145156164040
    044114  aa   160165 162147   18532  	oct	160165162147
    044115  aa   145040 163164   18533  	oct	145040163164
    044116  aa   141164 145155   18534  	oct	141164145155
    044117  aa   145156 164040   18535  	oct	145156164040
    044120  aa   122105 123105   18536  	oct	122105123105
    044121  aa   122126 105104   18537  	oct	122126105104
    044122  aa   054040 164145   18538  	oct	054040164145
    044123  aa   162155 151156   18539  	oct	162155151156
    044124  aa   141164 145040   18540  	oct	141164145040
    044125  aa   163164 141164   18541  	oct	163164141164
    044126  aa   145155 145156   18542  	oct	145155145156
    044127  aa   164040 122105   18543  	oct	164040122105
    044130  aa   123105 122126   18544  	oct	123105122126
    044131  aa   105104 054040   18545  	oct	105104054040
    044132  aa   145170 141155   18546  	oct	145170141155
    044133  aa   151156 145040   18547  	oct	151156145040
    044134  aa   163164 141164   18548  	oct	163164141164
    044135  aa   145155 145156   18549  	oct	145155145156
    044136  aa   164040 122105   18550  	oct	164040122105
    044137  aa   123105 122126   18551  	oct	123105122126
    044140  aa   105104 054040   18552  	oct	105104054040
    044141  aa   164162 141156   18553  	oct	164162141156
    044142  aa   163146 157162   18554  	oct	163146157162
    044143  aa   155040 163164   18555  	oct	155040163164
    044144  aa   141164 145155   18556  	oct	141164145155
    044145  aa   145156 164040   18557  	oct	145156164040
    044146  aa   104105 114105   18558  	oct	104105114105
    044147  aa   124105 040163   18559  	oct	124105040163
    044150  aa   164141 164145   18560  	oct	164141164145
    044151  aa   155145 156164   18561  	oct	155145156164
    044152  aa   040105 130124   18562  	oct	040105130124
    044153  aa   105122 116101   18563  	oct	105122116101
    044154  aa   114040 160150   18564  	oct	114040160150
    044155  aa   162141 163145   18565  	oct	162141163145
    044156  aa   040123 124101   18566  	oct	040123124101
    044157  aa   122124 040163   18567  	oct	122124040163
    044160  aa   164141 164145   18568  	oct	164141164145
    044161  aa   155145 156164   18569  	oct	155145156164
    044162  aa   040164 167157   18570  	oct	040164167157
    044163  aa   040144 141164   18571  	oct	040144141164
    044164  aa   141055 156141   18572  	oct	141055156141
    044165  aa   155145 163040   18573  	oct	155145163040
    044166  aa   151156 040106   18574  	oct	151156040106
    044167  aa   111114 105055   18575  	oct	111114105055
    044170  aa   123124 101124   18576  	oct	123124101124
    044171  aa   125123 040143   18577  	oct	125123040143
    044172  aa   154141 165163   18578  	oct	154141165163
    044173  aa   145040 122105   18579  	oct	145040122105
    044174  aa   127122 111124   18580  	oct	127122111124
    044175  aa   105040 163164   18581  	oct	105040163164
    044176  aa   141164 145155   18582  	oct	141164145155
    044177  aa   145156 164040   18583  	oct	145156164040
    044200  aa   120122 117103   18584  	oct	120122117103
    044201  aa   105123 123055   18585  	oct	105123123055
    044202  aa   101122 105101   18586  	oct	101122105101
    044203  aa   040160 150162   18587  	oct	040160150162
    044204  aa   141163 145040   18588  	oct	141163145040
    044205  aa   111116 124105   18589  	oct	111116124105
    044206  aa   122103 110101   18590  	oct	122103110101
    044207  aa   116107 105040   18591  	oct	116107105040
    044210  aa   160150 162141   18592  	oct	160150162141
    044211  aa   163145 040122   18593  	oct	163145040122
    044212  aa   105101 104040   18594  	oct	105101104040
    044213  aa   163164 141164   18595  	oct	163164141164
    044214  aa   145155 145156   18596  	oct	145155145156
    044215  aa   164040 125123   18597  	oct	164040125123
    044216  aa   101107 105040   18598  	oct	101107105040
    044217  aa   151163 040103   18599  	oct	151163040103
    044220  aa   117115 120055   18600  	oct	117115120055
    044221  aa   156040 104105   18601  	oct	156040104105
    044222  aa   120105 116104   18602  	oct	120105116104
    044223  aa   111116 107040   18603  	oct	111116107040
    044224  aa   117116 040160   18604  	oct	117116040160
    044225  aa   150162 141163   18605  	oct	150162141163
    044226  aa   145040 103117   18606  	oct	145040103117
    044227  aa   116123 124101   18607  	oct	116123124101
    044230  aa   116124 040123   18608  	oct	116124040123
    044231  aa   105103 124111   18609  	oct	105103124111
    044232  aa   117116 040116   18610  	oct	117116040116
    044233  aa   105130 124040   18611  	oct	105130124040
    044234  aa   160150 162141   18612  	oct	160150162141
    044235  aa   163145 040163   18613  	oct	163145040163
    044236  aa   167151 164143   18614  	oct	167151164143
    044237  aa   150055 156141   18615  	oct	150055156141
    044240  aa   155145 040113   18616  	oct	155145040113
    044241  aa   105131 040143   18617  	oct	105131040143
    044242  aa   154141 165163   18618  	oct	154141165163
    044243  aa   145040 127122   18619  	oct	145040127122
    044244  aa   111124 105040   18620  	oct	111124105040
    044245  aa   163164 141164   18621  	oct	163164141164
    044246  aa   145155 145156   18622  	oct	145155145156
    044247  aa   164040 102123   18623  	oct	164040102123
    044250  aa   116040 160150   18624  	oct	116040160150
    044251  aa   162141 163145   18625  	oct	162141163145
    044252  aa   040106 114122   18626  	oct	040106114122
    044253  aa   057126 114122   18627  	oct	057126114122
    044254  aa   057123 120101   18628  	oct	057123120101
    044255  aa   116116 105104   18629  	oct	116116105104
    044256  aa   040160 150162   18630  	oct	040160150162
    044257  aa   141163 145040   18631  	oct	141163145040
    044260  aa   123123 106040   18632  	oct	123123106040
    044261  aa   160150 162141   18633  	oct	160150162141
    044262  aa   163145 040101   18634  	oct	163145040101
    044263  aa   104126 101116   18635  	oct	104126101116
    044264  aa   103111 116107   18636  	oct	103111116107
    044265  aa   040151 144145   18637  	oct	040151144145
    044266  aa   156164 151146   18638  	oct	156164151146
    044267  aa   151145 162040   18639  	oct	151145162040
    044270  aa   160150 162141   18640  	oct	160150162141
    044271  aa   163145 040101   18641  	oct	163145040101
    044272  aa   104126 101116   18642  	oct	104126101116
    044273  aa   103111 116107   18643  	oct	103111116107
    044274  aa   040155 156145   18644  	oct	040155156145
    044275  aa   155157 156151   18645  	oct	155157156151
    044276  aa   143055 156141   18646  	oct	143055156141
    044277  aa   155145 040160   18647  	oct	155145040160
    044300  aa   150162 141163   18648  	oct	150162141163
    044301  aa   145040 117122   18649  	oct	145040117122
    044302  aa   107101 116111   18650  	oct	107101116111
    044303  aa   132101 124111   18651  	oct	132101124111
    044304  aa   117116 040143   18652  	oct	117116040143
    044305  aa   154141 165163   18653  	oct	154141165163
    044306  aa   145040 102131   18654  	oct	145040102131
    044307  aa   040143 154141   18655  	oct	040143154141
    044310  aa   165163 145040   18656  	oct	165163145040
    044311  aa   163145 162151   18657  	oct	163145162151
    044312  aa   145163 040117   18658  	oct	145163040117
    044313  aa   102112 105103   18659  	oct	102112105103
    044314  aa   124040 123111   18660  	oct	124040123111
    044315  aa   107116 040160   18661  	oct	107116040160
    044316  aa   150162 141163   18662  	oct	150162141163
    044317  aa   145040 163165   18663  	oct	145040163165
    044320  aa   160145 162166   18664  	oct	160145162166
    044321  aa   151163 157162   18665  	oct	151163157162
    044322  aa   040143 154141   18666  	oct	040143154141
    044323  aa   165163 145040   18667  	oct	165163145040
    044324  aa   117120 124111   18668  	oct	117120124111
    044325  aa   117116 101114   18669  	oct	117116101114
    044326  aa   040160 150162   18670  	oct	040160150162
    044327  aa   141163 145040   18671  	oct	141163145040
    044330  aa   122105 123105   18672  	oct	122105123105
    044331  aa   122126 105040   18673  	oct	122126105040
    044332  aa   143154 141165   18674  	oct	143154141165
    044333  aa   163145 040115   18675  	oct	163145040115
    044334  aa   101130 111115   18676  	oct	101130111115
    044335  aa   125115 040120   18677  	oct	125115040120
    044336  aa   122117 103105   18678  	oct	122117103105
    044337  aa   104125 122105   18679  	oct	104125122105
    044340  aa   040123 105107   18680  	oct	040123105107
    044341  aa   115105 116124   18681  	oct	115105116124
    044342  aa   040143 154141   18682  	oct	040143154141
    044343  aa   165163 145040   18683  	oct	165163145040
    044344  aa   155145 155157   18684  	oct	155145155157
    044345  aa   162171 040163   18685  	oct	162171040163
    044346  aa   151172 145040   18686  	oct	151172145040
    044347  aa   143154 141165   18687  	oct	143154141165
    044350  aa   163145 040141   18688  	oct	163145040141
    044351  aa   163163 151147   18689  	oct	163163151147
    044352  aa   156040 157142   18690  	oct	156040157142
    044353  aa   152145 143164   18691  	oct	152145143164
    044354  aa   040160 162157   18692  	oct	040160162157
    044355  aa   147162 141155   18693  	oct	147162141155
    044356  aa   040143 154141   18694  	oct	040143154141
    044357  aa   165163 145040   18695  	oct	165163145040
    044360  aa   122105 120117   18696  	oct	122105120117
    044361  aa   122124 123040   18697  	oct	122124123040
    044362  aa   143154 141165   18698  	oct	143154141165
    044363  aa   163145 040101   18699  	oct	163145040101
    044364  aa   120120 114131   18700  	oct	120120114131
    044365  aa   040143 154141   18701  	oct	040143154141
    044366  aa   165163 145040   18702  	oct	165163145040
    044367  aa   154145 156147   18703  	oct	154145156147
    044370  aa   164150 040157   18704  	oct	164150040157
    044371  aa   146040 154151   18705  	oct	146040154151
    044372  aa   164145 162141   18706  	oct	164145162141
    044373  aa   154040 157162   18707  	oct	154040157162
    044374  aa   040144 141164   18708  	oct	040144141164
    044375  aa   141055 156141   18709  	oct	141055156141
    044376  aa   155145 040145   18710  	oct	155145040145
    044377  aa   170143 145145   18711  	oct	170143145145
    044400  aa   144163 040157   18712  	oct	144163040157
    044401  aa   156145 040155   18713  	oct	156145040155
    044402  aa   156145 155157   18714  	oct	156145155157
    044403  aa   156151 143055   18715  	oct	156151143055
    044404  aa   156141 155145   18716  	oct	156141155145
    044405  aa   040156 157164   18717  	oct	040156157164
    044406  aa   040144 145146   18718  	oct	040144145146
    044407  aa   151156 145144   18719  	oct	151156145144
    044410  aa   040151 156040   18720  	oct	040151156040
    044411  aa   123120 105103   18721  	oct	123120105103
    044412  aa   111101 114055   18722  	oct	111101114055
    044413  aa   116101 115105   18723  	oct	116101115105
    044414  aa   123040 160141   18724  	oct	123040160141
    044415  aa   162141 147162   18725  	oct	162141147162
    044416  aa   141160 150040   18726  	oct	141160150040
    044417  aa   101114 124105   18727  	oct	101114124105
    044420  aa   122116 101124   18728  	oct	122116101124
    044421  aa   105040 122105   18729  	oct	105040122105
    044422  aa   103117 122104   18730  	oct	103117122104
    044423  aa   040113 105131   18731  	oct	040113105131
    044424  aa   040143 154141   18732  	oct	040143154141
    044425  aa   165163 145040   18733  	oct	165163145040
    044426  aa   106111 114114   18734  	oct	106111114114
    044427  aa   105122 040114   18735  	oct	105122040114
    044430  aa   111116 113101   18736  	oct	111116113101
    044431  aa   107105 040123   18737  	oct	107105040123
    044432  aa   105103 124111   18738  	oct	105103124111
    044433  aa   117116 040157   18739  	oct	117116040157
    044434  aa   143143 165162   18740  	oct	143143165162
    044435  aa   163040 172145   18741  	oct	163040172145
    044436  aa   162157 040164   18742  	oct	162157040164
    044437  aa   151155 145163   18743  	oct	151155145163
    044440  aa   040161 165141   18744  	oct	040161165141
    044441  aa   154151 146151   18745  	oct	154151146151
    044442  aa   145162 040146   18746  	oct	145162040146
    044443  aa   157162 040146   18747  	oct	157162040146
    044444  aa   151154 145040   18748  	oct	151154145040
    044445  aa   157162 147141   18749  	oct	157162147141
    044446  aa   156151 172141   18750  	oct	156151172141
    044447  aa   164151 157156   18751  	oct	164151157156
    044450  aa   040122 105103   18752  	oct	040122105103
    044451  aa   117122 104040   18753  	oct	117122104040
    044452  aa   160150 162141   18754  	oct	160150162141
    044453  aa   163145 040105   18755  	oct	163145040105
    044454  aa   116104 040103   18756  	oct	116104040103
    044455  aa   117102 117114   18757  	oct	117102117114
    044456  aa   040163 164141   18758  	oct	040163164141
    044457  aa   164145 155145   18759  	oct	164145155145
    044460  aa   156164 040151   18760  	oct	156164040151
    044461  aa   164145 155040   18761  	oct	164145155040
    044462  aa   163150 157165   18762  	oct	163150157165
    044463  aa   154144 040142   18763  	oct	154144040142
    044464  aa   145147 151156   18764  	oct	145147151156
    044465  aa   040151 156040   18765  	oct	040151156040
    044466  aa   141162 145141   18766  	oct	141162145141
    044467  aa   040101 040156   18767  	oct	040101040156
    044470  aa   157156 055160   18768  	oct	157156055160
    044471  aa   162151 156164   18769  	oct	162151156164
    044472  aa   151156 147040   18770  	oct	151156147040
    044473  aa   143150 141162   18771  	oct	143150141162
    044474  aa   141143 164145   18772  	oct	141143164145
    044475  aa   162163 040123   18773  	oct	162163040123
    044476  aa   101115 105040   18774  	oct	101115105040
    044477  aa   123117 122124   18775  	oct	123117122124
    044500  aa   040101 122105   18776  	oct	040101122105
    044501  aa   101040 143154   18777  	oct	101040143154
    044502  aa   141165 163145   18778  	oct	141165163145
    044503  aa   040101 123103   18779  	oct	040101123103
    044504  aa   105116 104111   18780  	oct	105116104111
    044505  aa   116107 057104   18781  	oct	116107057104
    044506  aa   105123 103105   18782  	oct	105123103105
    044507  aa   116104 111116   18783  	oct	116104111116
    044510  aa   107040 143154   18784  	oct	107040143154
    044511  aa   141165 163145   18785  	oct	141165163145
    044512  aa   040124 117040   18786  	oct	040124117040
    044513  aa   160150 162141   18787  	oct	160150162141
    044514  aa   163145 040104   18788  	oct	163145040104
    044515  aa   105103 111115   18789  	oct	105103111115
    044516  aa   101114 055120   18790  	oct	101114055120
    044517  aa   117111 116124   18791  	oct	117111116124
    044520  aa   040111 123040   18792  	oct	040111123040
    044521  aa   104105 103111   18793  	oct	104105103111
    044522  aa   115101 114055   18794  	oct	115101114055
    044523  aa   120117 111116   18795  	oct	120117111116
    044524  aa   124040 160150   18796  	oct	124040160150
    044525  aa   162141 163145   18797  	oct	162141163145
    044526  aa   040154 145166   18798  	oct	040154145166
    044527  aa   145154 040070   18799  	oct	145154040070
    044530  aa   070040 151164   18800  	oct	070040151164
    044531  aa   145155 040050   18801  	oct	145155040050
    044532  aa   144145 146151   18802  	oct	144145146151
    044533  aa   156151 164151   18803  	oct	156151164151
    044534  aa   157156 051040   18804  	oct	157156051040
    044535  aa   154145 166145   18805  	oct	154145166145
    044536  aa   154040 066066   18806  	oct	154040066066
    044537  aa   040151 164145   18807  	oct	040151164145
    044540  aa   155040 050144   18808  	oct	155040050144
    044541  aa   145146 151156   18809  	oct	145146151156
    044542  aa   151164 151157   18810  	oct	151164151157
    044543  aa   156051 040154   18811  	oct	156051040154
    044544  aa   145166 145154   18812  	oct	145166145154
    044545  aa   040156 165155   18813  	oct	040156165155
    044546  aa   142145 162040   18814  	oct	142145162040
    044547  aa   145170 143145   18815  	oct	145170143145
    044550  aa   145144 163040   18816  	oct	145144163040
    044551  aa   061060 040151   18817  	oct	061060040151
    044552  aa   164145 155040   18818  	oct	164145155040
    044553  aa   163150 157165   18819  	oct	163150157165
    044554  aa   154144 040142   18820  	oct	154144040142
    044555  aa   145147 151156   18821  	oct	145147151156
    044556  aa   040151 156040   18822  	oct	040151156040
    044557  aa   141162 145141   18823  	oct	141162145141
    044560  aa   040102 040117   18824  	oct	040102040117
    044561  aa   103103 125122   18825  	oct	103103125122
    044562  aa   123040 104105   18826  	oct	123040104105
    044563  aa   120105 116104   18827  	oct	120105116104
    044564  aa   111116 107040   18828  	oct	111116107040
    044565  aa   117116 040143   18829  	oct	117116040143
    044566  aa   154141 165163   18830  	oct	154141165163
    044567  aa   145040 101114   18831  	oct	145040101114
    044570  aa   114040 146151   18832  	oct	114040146151
    044571  aa   147165 162141   18833  	oct	147165162141
    044572  aa   164151 166145   18834  	oct	164151166145
    044573  aa   040143 157156   18835  	oct	040143157156
    044574  aa   163164 141156   18836  	oct	163164141156
    044575  aa   164040 160145   18837  	oct	164040160145
    044576  aa   162151 157144   18838  	oct	162151157144
    044577  aa   040156 157164   18839  	oct	040156157164
    044600  aa   040146 157154   18840  	oct	040146157154
    044601  aa   154157 167145   18841  	oct	154157167145
    044602  aa   144040 142171   18842  	oct	144040142171
    044603  aa   040163 160141   18843  	oct	040163160141
    044604  aa   143145 040104   18844  	oct	143145040104
    044605  aa   105102 125107   18845  	oct	105102125107
    044606  aa   107111 116107   18846  	oct	107111116107
    044607  aa   040115 117104   18847  	oct	040115117104
    044610  aa   105040 160150   18848  	oct	105040160150
    044611  aa   162141 163145   18849  	oct	162141163145
    044612  aa   040103 101114   18850  	oct	040103101114
    044613  aa   114040 151144   18851  	oct	114040151144
    044614  aa   145156 164151   18852  	oct	145156164151
    044615  aa   146151 145162   18853  	oct	146151145162
    044616  aa   040163 164141   18854  	oct	040163164141
    044617  aa   164145 155145   18855  	oct	164145155145
    044620  aa   156164 040103   18856  	oct	156164040103
    044621  aa   117115 115125   18857  	oct	117115115125
    044622  aa   116111 103101   18858  	oct	116111103101
    044623  aa   124111 117116   18859  	oct	124111117116
    044624  aa   040123 105103   18860  	oct	040123105103
    044625  aa   124111 117116   18861  	oct	124111117116
    044626  aa   040103 104040   18862  	oct	040103104040
    044627  aa   145156 164162   18863  	oct	145156164162
    044630  aa   171040 111116   18864  	oct	171040111116
    044631  aa   111124 111101   18865  	oct	111124111101
    044632  aa   114040 160150   18866  	oct	114040160150
    044633  aa   162141 163145   18867  	oct	162141163145
    044634  aa   040114 111116   18868  	oct	040114111116
    044635  aa   101107 105040   18869  	oct	101107105040
    044636  aa   143154 141165   18870  	oct	143154141165
    044637  aa   163145 040122   18871  	oct	163145040122
    044640  aa   105123 105122   18872  	oct	105123105122
    044641  aa   126105 104054   18873  	oct	126105104054
    044642  aa   040162 145155   18874  	oct	040162145155
    044643  aa   141162 153163   18875  	oct	141162153163
    044644  aa   040160 141162   18876  	oct	040160141162
    044645  aa   141147 162141   18877  	oct	141147162141
    044646  aa   160150 040125   18878  	oct	160150040125
    044647  aa   123111 116107   18879  	oct	123111116107
    044650  aa   040160 150162   18880  	oct	040160150162
    044651  aa   141163 145040   18881  	oct	141163145040
    044652  aa   143157 156164   18882  	oct	143157156164
    044653  aa   141151 156163   18883  	oct	141151156163
    044654  aa   040141 040154   18884  	oct	040141040154
    044655  aa   151164 145162   18885  	oct	151164145162
    044656  aa   141154 040160   18886  	oct	141154040160
    044657  aa   154165 162141   18887  	oct	154165162141
    044660  aa   154040 146151   18888  	oct	154040146151
    044661  aa   147165 162141   18889  	oct	147165162141
    044662  aa   164151 166145   18890  	oct	164151166145
    044663  aa   040143 157156   18891  	oct	040143157156
    044664  aa   163164 141156   18892  	oct	163164141156
    044665  aa   164040 126101   18893  	oct	164040126101
    044666  aa   114125 105040   18894  	oct	114125105040
    044667  aa   117106 040151   18895  	oct	117106040151
    044670  aa   155160 154145   18896  	oct	155160154145
    044671  aa   155145 156164   18897  	oct	155145156164
    044672  aa   157162 055156   18898  	oct	157162055156
    044673  aa   141155 145040   18899  	oct	141155145040
    044674  aa   111123 040144   18900  	oct	111123040144
    044675  aa   141164 141055   18901  	oct	141164141055
    044676  aa   156141 155145   18902  	oct	156141155145
    044677  aa   040143 154141   18903  	oct	040143154141
    044700  aa   165163 145040   18904  	oct	165163145040
    044701  aa   156157 156055   18905  	oct	156157156055
    044702  aa   163164 141156   18906  	oct	163164141156
    044703  aa   144141 162144   18907  	oct	144141162144
    044704  aa   040162 145154   18908  	oct	040162145154
    044705  aa   141164 151157   18909  	oct	141164151157
    044706  aa   156141 154040   18910  	oct	156141154040
    044707  aa   157160 145162   18911  	oct	157160145162
    044710  aa   141164 157162   18912  	oct	141164157162
    044711  aa   040156 157156   18913  	oct	040156157156
    044712  aa   055163 164141   18914  	oct	055163164141
    044713  aa   156144 141162   18915  	oct	156144141162
    044714  aa   144040 146151   18916  	oct	144040146151
    044715  aa   154145 040157   18917  	oct	154145040157
    044716  aa   162147 141156   18918  	oct	162147141156
    044717  aa   151172 141164   18919  	oct	151172141164
    044720  aa   151157 156040   18920  	oct	151157156040
    044721  aa   103101 124101   18921  	oct	103101124101
    044722  aa   114117 107125   18922  	oct	114117107125
    044723  aa   105055 116101   18923  	oct	105055116101
    044724  aa   115105 040143   18924  	oct	115105040143
    044725  aa   154141 165163   18925  	oct	154141165163
    044726  aa   145040 115125   18926  	oct	145040115125
    044727  aa   114124 111120   18927  	oct	114124111120
    044730  aa   114105 040106   18928  	oct	114105040106
    044731  aa   111114 105040   18929  	oct	111114105040
    044732  aa   143154 141165   18930  	oct	143154141165
    044733  aa   163145 040155   18931  	oct	163145040155
    044734  aa   151163 163151   18932  	oct	151163163151
    044735  aa   156147 040104   18933  	oct	156147040104
    044736  aa   111126 111123   18934  	oct	111126111123
    044737  aa   111117 116040   18935  	oct	111117116040
    044740  aa   150145 141144   18936  	oct	150145141144
    044741  aa   145162 163040   18937  	oct	145162163040
    044742  aa   163165 160160   18938  	oct	163165160160
    044743  aa   154151 145144   18939  	oct	154151145144
    044744  aa   040155 151163   18940  	oct	040155151163
    044745  aa   163151 156147   18941  	oct	163151156147
    044746  aa   040120 122117   18942  	oct	040120122117
    044747  aa   107122 101115   18943  	oct	107122101115
    044750  aa   055111 104040   18944  	oct	055111104040
    044751  aa   160141 162141   18945  	oct	160141162141
    044752  aa   147162 141160   18946  	oct	147162141160
    044753  aa   150040 163165   18947  	oct	150040163165
    044754  aa   160160 154151   18948  	oct	160160154151
    044755  aa   145144 040115   18949  	oct	145144040115
    044756  aa   101130 111115   18950  	oct	101130111115
    044757  aa   125115 040104   18951  	oct	125115040104
    044760  aa   101124 101040   18952  	oct	101124101040
    044761  aa   123105 107115   18953  	oct	123105107115
    044762  aa   105116 124040   18954  	oct	105116124040
    044763  aa   143154 141165   18955  	oct	143154141165
    044764  aa   163145 040117   18956  	oct	163145040117
    044765  aa   102112 105103   18957  	oct	102112105103
    044766  aa   124040 143154   18958  	oct	124040143154
    044767  aa   141165 163145   18959  	oct	141165163145
    044770  aa   040144 145163   18960  	oct	040144145163
    044771  aa   164151 156141   18961  	oct	164151156141
    044772  aa   164151 157156   18962  	oct	164151157156
    044773  aa   040164 141142   18963  	oct	040164141142
    044774  aa   154145 040143   18964  	oct	154145040143
    044775  aa   157165 156164   18965  	oct	157165156164
    044776  aa   040145 170143   18966  	oct	040145170143
    044777  aa   145145 144163   18967  	oct	145145144163
    045000  aa   040157 156145   18968  	oct	040157156145
    045001  aa   040155 157162   18969  	oct	040155157162
    045002  aa   145040 164150   18970  	oct	145040164150
    045003  aa   141156 040157   18971  	oct	141156040157
    045004  aa   156145 040123   18972  	oct	156145040123
    045005  aa   117122 124040   18973  	oct	117122124040
    045006  aa   163164 141164   18974  	oct	163164141164
    045007  aa   145155 145156   18975  	oct	145155145156
    045010  aa   164040 104101   18976  	oct	164040104101
    045011  aa   131055 117106   18977  	oct	131055117106
    045012  aa   055127 105105   18978  	oct	055127105105
    045013  aa   113040 160150   18979  	oct	113040160150
    045014  aa   162141 163145   18980  	oct	162141163145
    045015  aa   040123 101115   18981  	oct	040123101115
    045016  aa   105040 123117   18982  	oct	105040123117
    045017  aa   122124 055115   18983  	oct	122124055115
    045020  aa   105122 107105   18984  	oct	105122107105
    045021  aa   040101 122105   18985  	oct	040101122105
    045022  aa   101040 143154   18986  	oct	101040143154
    045023  aa   141165 163145   18987  	oct	141165163145
    045024  aa   040103 117104   18988  	oct	040103117104
    045025  aa   105055 123105   18989  	oct	105055123105
    045026  aa   124040 143154   18990  	oct	124040143154
    045027  aa   141165 163145   18991  	oct	141165163145
    045030  aa   040120 105122   18992  	oct	040120105122
    045031  aa   111117 104040   18993  	oct	111117104040
    045032  aa   141163 163165   18994  	oct	141163163165
    045033  aa   155145 144040   18995  	oct	155145144040
    045034  aa   165163 141147   18996  	oct	165163141147
    045035  aa   145163 040144   18997  	oct	145163040144
    045036  aa   151146 146145   18998  	oct	151146146145
    045037  aa   162040 151156   18999  	oct	162040151156
    045040  aa   040143 157155   19000  	oct	040143157155
    045041  aa   160141 162151   19001  	oct	160141162151
    045042  aa   163157 156040   19002  	oct	163157156040
    045043  aa   156157 156055   19003  	oct	156157156055
    045044  aa   151156 164145   19004  	oct	151156164145
    045045  aa   147145 162040   19005  	oct	147145162040
    045046  aa   156165 155145   19006  	oct	156165155145
    045047  aa   162151 143040   19007  	oct	162151143040
    045050  aa   157160 145162   19008  	oct	157160145162
    045051  aa   141156 144040   19009  	oct	141156144040
    045052  aa   165163 145144   19010  	oct	165163145144
    045053  aa   040151 156040   19011  	oct	040151156040
    045054  aa   143157 155160   19012  	oct	143157155160
    045055  aa   141162 151163   19013  	oct	141162151163
    045056  aa   157156 040151   19014  	oct	157156040151
    045057  aa   164145 155040   19015  	oct	164145155040
    045060  aa   154145 166145   19016  	oct	154145166145
    045061  aa   154040 156157   19017  	oct	154040156157
    045062  aa   164040 060061   19018  	oct	164040060061
    045063  aa   040157 162040   19019  	oct	040157162040
    045064  aa   067067 040122   19020  	oct	067067040122
    045065  aa   105120 114101   19021  	oct	105120114101
    045066  aa   103105 040163   19022  	oct	103105040163
    045067  aa   164141 164145   19023  	oct	164141164145
    045070  aa   155145 156164   19024  	oct	155145156164
    045071  aa   040106 111114   19025  	oct	040106111114
    045072  aa   114105 122040   19026  	oct	114105122040
    045073  aa   125123 105040   19027  	oct	125123105040
    045074  aa   106117 122040   19028  	oct	106117122040
    045075  aa   104105 102125   19029  	oct	104105102125
    045076  aa   107107 111116   19030  	oct	107107111116
    045077  aa   107040 157156   19031  	oct	107040157156
    045100  aa   040101 114114   19032  	oct	040101114114
    045101  aa   040120 122117   19033  	oct	040120122117
    045102  aa   103105 104125   19034  	oct	103105104125
    045103  aa   122105 123040   19035  	oct	122105123040
    045104  aa   163164 141164   19036  	oct	163164141164
    045105  aa   145155 145156   19037  	oct	145155145156
    045106  aa   164040 106111   19038  	oct	164040106111
    045107  aa   114114 105122   19039  	oct	114114105122
    045110  aa   040165 163145   19040  	oct	040165163145
    045111  aa   144040 141163   19041  	oct	144040141163
    045112  aa   040143 157156   19042  	oct	040143157156
    045113  aa   144151 164151   19043  	oct	144151164151
    045114  aa   157156 040166   19044  	oct	157156040166
    045115  aa   141162 151141   19045  	oct	141162151141
    045116  aa   142154 145040   19046  	oct	142154145040
    045117  aa   141162 151164   19047  	oct	141162151164
    045120  aa   150155 145164   19048  	oct	150155145164
    045121  aa   151143 040145   19049  	oct	151143040145
    045122  aa   170160 162145   19050  	oct	170160162145
    045123  aa   163163 151157   19051  	oct	163163151157
    045124  aa   156040 122105   19052  	oct	156040122105
    045125  aa   123105 122126   19053  	oct	123105122126
    045126  aa   105104 040122   19054  	oct	105104040122
    045127  aa   105123 105122   19055  	oct	105123105122
    045130  aa   126105 104040   19056  	oct	126105104040
    045131  aa   122105 123105   19057  	oct	122105123105
    045132  aa   122126 105104   19058  	oct	122126105104
    045133  aa   040122 105123   19059  	oct	040122105123
    045134  aa   105122 126105   19060  	oct	105122126105
    045135  aa   104040 156157   19061  	oct	104040156157
    045136  aa   156055 165156   19062  	oct	156055165156
    045137  aa   151161 165145   19063  	oct	151161165145
    045140  aa   040144 141164   19064  	oct	040144141164
    045141  aa   141040 156141   19065  	oct	141040156141
    045142  aa   155145 040123   19066  	oct	155145040123
    045143  aa   105114 105103   19067  	oct	105114105103
    045144  aa   124040 143154   19068  	oct	124040143154
    045145  aa   141165 163145   19069  	oct	141165163145
    045146  aa   040101 123123   19070  	oct	040101123123
    045147  aa   111107 116040   19071  	oct	111107116040
    045150  aa   143154 141165   19072  	oct	143154141165
    045151  aa   163145 040101   19073  	oct	163145040101
    045152  aa   103103 105123   19074  	oct	103103105123
    045153  aa   123040 143154   19075  	oct	123040143154
    045154  aa   141165 163145   19076  	oct	141165163145
    045155  aa   040106 111114   19077  	oct	040106111114
    045156  aa   105040 123124   19078  	oct	105040123124
    045157  aa   101124 125123   19079  	oct	101124125123
    045160  aa   040143 154141   19080  	oct	040143154141
    045161  aa   165163 145040   19081  	oct	165163145040
    045162  aa   122105 114101   19082  	oct	122105114101
    045163  aa   124111 126105   19083  	oct	124111126105
    045164  aa   040113 105131   19084  	oct	040113105131
    045165  aa   040143 154141   19085  	oct	040143154141
    045166  aa   165163 145040   19086  	oct	165163145040
    045167  aa   122105 103117   19087  	oct	122105103117
    045170  aa   122104 040113   19088  	oct	122104040113
    045171  aa   105131 040143   19089  	oct	105131040143
    045172  aa   154141 165163   19090  	oct	154141165163
    045173  aa   145040 126101   19091  	oct	145040126101
    045174  aa   114125 105040   19092  	oct	114125105040
    045175  aa   117106 040143   19093  	oct	117106040143
    045176  aa   154141 165163   19094  	oct	154141165163
    045177  aa   145040 104101   19095  	oct	145040104101
    045200  aa   124101 040122   19096  	oct	124101040122
    045201  aa   105103 117122   19097  	oct	105103117122
    045202  aa   104123 040143   19098  	oct	104123040143
    045203  aa   154141 165163   19099  	oct	154141165163
    045204  aa   145040 114111   19100  	oct	145040114111
    045205  aa   116101 107105   19101  	oct	116101107105
    045206  aa   040143 154141   19102  	oct	040143154141
    045207  aa   165163 145040   19103  	oct	165163145040
    045210  aa   122105 103117   19104  	oct	122105103117
    045211  aa   122104 111116   19105  	oct	122104111116
    045212  aa   107040 115117   19106  	oct	107040115117
    045213  aa   104105 040143   19107  	oct	104105040143
    045214  aa   154141 165163   19108  	oct	154141165163
    045215  aa   145040 122105   19109  	oct	145040122105
    045216  aa   103117 122104   19110  	oct	103117122104
    045217  aa   040103 117116   19111  	oct	040103117116
    045220  aa   124101 111116   19112  	oct	124101111116
    045221  aa   123040 143154   19113  	oct	123040143154
    045222  aa   141165 163145   19114  	oct	141165163145
    045223  aa   040125 123105   19115  	oct	040125123105
    045224  aa   040146 151154   19116  	oct	040146151154
    045225  aa   145040 156141   19117  	oct	145040156141
    045226  aa   155145 040163   19118  	oct	155145040163
    045227  aa   164141 164145   19119  	oct	164141164145
    045230  aa   155145 156164   19120  	oct	155145156164
    045231  aa   040117 120105   19121  	oct	040117120105
    045232  aa   116040 163164   19122  	oct	116040163164
    045233  aa   141164 145155   19123  	oct	141164145155
    045234  aa   145156 164040   19124  	oct	145156164040
    045235  aa   103114 117123   19125  	oct	103114117123
    045236  aa   105040 163164   19126  	oct	105040163164
    045237  aa   141164 145155   19127  	oct	141164145155
    045240  aa   145156 164040   19128  	oct	145156164040
    045241  aa   156157 156055   19129  	oct	156157156055
    045242  aa   163145 161165   19130  	oct	163145161165
    045243  aa   145156 164151   19131  	oct	145156164151
    045244  aa   141154 040157   19132  	oct	141154040157
    045245  aa   162147 141156   19133  	oct	162147141156
    045246  aa   151172 141164   19134  	oct	151172141164
    045247  aa   151157 156040   19135  	oct	151157156040
    045250  aa   105130 111124   19136  	oct	105130111124
    045251  aa   040163 164141   19137  	oct	040163164141
    045252  aa   164145 155145   19138  	oct	164145155145
    045253  aa   156164 040156   19139  	oct	156164040156
    045254  aa   157164 040141   19140  	oct	157164040141
    045255  aa   154157 156145   19141  	oct	154157156145
    045256  aa   040151 156040   19142  	oct	040151156040
    045257  aa   141040 160141   19143  	oct	141040160141
    045260  aa   162141 147162   19144  	oct	162141147162
    045261  aa   141160 150040   19145  	oct	141160150040
    045262  aa   155157 162145   19146  	oct	155157162145
    045263  aa   040164 150141   19147  	oct	040164150141
    045264  aa   156040 157156   19148  	oct	156040157156
    045265  aa   145040 115105   19149  	oct	145040115105
    045266  aa   122107 105040   19150  	oct	122107105040
    045267  aa   163164 141164   19151  	oct	163164141164
    045270  aa   145155 145156   19152  	oct	145155145156
    045271  aa   164040 155157   19153  	oct	164040155157
    045272  aa   162145 040164   19154  	oct	162145040164
    045273  aa   150141 156040   19155  	oct	150141156040
    045274  aa   157156 145040   19156  	oct	157156145040
    045275  aa   146151 154145   19157  	oct	146151154145
    045276  aa   055156 141155   19158  	oct	055156141155
    045277  aa   145040 151156   19159  	oct	145040151156
    045300  aa   040141 040125   19160  	oct	040141040125
    045301  aa   123111 116107   19161  	oct	123111116107
    045302  aa   040160 150162   19162  	oct	040160150162
    045303  aa   141163 145040   19163  	oct	141163145040
    045304  aa   144145 142165   19164  	oct	144145142165
    045305  aa   147040 162145   19165  	oct	147040162145
    045306  aa   147151 163164   19166  	oct	147151163164
    045307  aa   145162 040104   19167  	oct	145162040104
    045310  aa   105102 125107   19168  	oct	105102125107
    045311  aa   055103 117116   19169  	oct	055103117116
    045312  aa   124105 116124   19170  	oct	124105116124
    045313  aa   123040 144145   19171  	oct	123040144145
    045314  aa   142165 147040   19172  	oct	142165147040
    045315  aa   162145 147151   19173  	oct	162145147151
    045316  aa   163164 145162   19174  	oct	163164145162
    045317  aa   040104 105102   19175  	oct	040104105102
    045320  aa   125107 055111   19176  	oct	125107055111
    045321  aa   124105 115040   19177  	oct	124105115040
    045322  aa   144145 142165   19178  	oct	144145142165
    045323  aa   147040 162145   19179  	oct	147040162145
    045324  aa   147151 163164   19180  	oct	147151163164
    045325  aa   145162 040104   19181  	oct	145162040104
    045326  aa   105102 125107   19182  	oct	105102125107
    045327  aa   055114 111116   19183  	oct	055114111116
    045330  aa   105040 144145   19184  	oct	105040144145
    045331  aa   142165 147040   19185  	oct	142165147040
    045332  aa   162145 147151   19186  	oct	162145147151
    045333  aa   163164 145162   19187  	oct	163164145162
    045334  aa   040104 105102   19188  	oct	040104105102
    045335  aa   125107 055123   19189  	oct	125107055123
    045336  aa   125102 055061   19190  	oct	125102055061
    045337  aa   040144 145142   19191  	oct	040144145142
    045340  aa   165147 040162   19192  	oct	165147040162
    045341  aa   145147 151163   19193  	oct	145147151163
    045342  aa   164145 162040   19194  	oct	164145162040
    045343  aa   104105 102125   19195  	oct	104105102125
    045344  aa   107055 123125   19196  	oct	107055123125
    045345  aa   102055 062040   19197  	oct	102055062040
    045346  aa   144145 142165   19198  	oct	144145142165
    045347  aa   147040 162145   19199  	oct	147040162145
    045350  aa   147151 163164   19200  	oct	147151163164
    045351  aa   145162 040104   19201  	oct	145162040104
    045352  aa   105102 125107   19202  	oct	105102125107
    045353  aa   055123 125102   19203  	oct	055123125102
    045354  aa   055063 040144   19204  	oct	055063040144
    045355  aa   145142 165147   19205  	oct	145142165147
    045356  aa   147151 156147   19206  	oct	147151156147
    045357  aa   040154 151156   19207  	oct	040154151156
    045360  aa   145163 040144   19208  	oct	145163040144
    045361  aa   145142 165147   19209  	oct	145142165147
    045362  aa   040162 145147   19210  	oct	040162145147
    045363  aa   151163 164145   19211  	oct	151163164145
    045364  aa   162040 104105   19212  	oct	162040104105
    045365  aa   102125 107055   19213  	oct	102125107055
    045366  aa   116101 115105   19214  	oct	116101115105
    045367  aa   040103 117120   19215  	oct	040103117120
    045370  aa   131040 163164   19216  	oct	131040163164
    045371  aa   141164 145155   19217  	oct	141164145155
    045372  aa   145156 164040   19218  	oct	145156164040
    045373  aa   167151 164150   19219  	oct	167151164150
    045374  aa   040117 106040   19220  	oct	040117106040
    045375  aa   154151 142162   19221  	oct	154151142162
    045376  aa   141162 171055   19222  	oct	141162171055
    045377  aa   156141 155145   19223  	oct	156141155145
    045400  aa   040160 150162   19224  	oct	040160150162
    045401  aa   141163 145040   19225  	oct	141163145040
    045402  aa   123104 040143   19226  	oct	123104040143
    045403  aa   154141 165163   19227  	oct	154141165163
    045404  aa   145040 123101   19228  	oct	145040123101
    045405  aa   115105 040101   19229  	oct	115105040101
    045406  aa   122105 101040   19230  	oct	122105101040
    045407  aa   143154 141165   19231  	oct	143154141165
    045410  aa   163145 040122   19232  	oct	163145040122
    045411  aa   105122 125116   19233  	oct	105122125116
    045412  aa   040143 154141   19234  	oct	040143154141
    045413  aa   165163 145040   19235  	oct	165163145040
    045414  aa   101120 120114   19236  	oct	101120120114
    045415  aa   131040 143154   19237  	oct	131040143154
    045416  aa   141165 163145   19238  	oct	141165163145
    045417  aa   040156 145147   19239  	oct	040156145147
    045420  aa   141164 145144   19240  	oct	141164145144
    045421  aa   040143 157155   19241  	oct	040143157155
    045422  aa   142151 156145   19242  	oct	142151156145
    045423  aa   144040 143157   19243  	oct	144040143157
    045424  aa   156144 151164   19244  	oct	156144151164
    045425  aa   151157 156040   19245  	oct	151157156040
    045426  aa   104131 116101   19246  	oct	104131116101
    045427  aa   115111 103040   19247  	oct	115111103040
    045430  aa   160150 162141   19248  	oct	160150162141
    045431  aa   163145 040122   19249  	oct	163145040122
    045432  aa   105116 101115   19250  	oct	105116101115
    045433  aa   105123 040143   19251  	oct	105123040143
    045434  aa   154141 165163   19252  	oct	154141165163
    045435  aa   145054 040154   19253  	oct	145054040154
    045436  aa   145166 145154   19254  	oct	145166145154
    045437  aa   040156 165155   19255  	oct	040156165155
    045440  aa   142145 162040   19256  	oct	142145162040
    045441  aa   156157 164040   19257  	oct	156157164040
    045442  aa   145161 165141   19258  	oct	145161165141
    045443  aa   154040 164157   19259  	oct	154040164157
    045444  aa   040066 066040   19260  	oct	040066066040
    045445  aa   163151 156147   19261  	oct	163151156147
    045446  aa   154145 040144   19262  	oct	154145040144
    045447  aa   151147 151164   19263  	oct	151147151164
    045450  aa   040154 145166   19264  	oct	040154145166
    045451  aa   145154 040156   19265  	oct	145154040156
    045452  aa   165155 142145   19266  	oct	165155142145
    045453  aa   162040 125123   19267  	oct	162040125123
    045454  aa   105040 106117   19268  	oct	105040106117
    045455  aa   122040 104105   19269  	oct	122040104105
    045456  aa   102125 107107   19270  	oct	102125107107
    045457  aa   111116 107040   19271  	oct	111116107040
    045460  aa   163164 141164   19272  	oct	163164141164
    045461  aa   145155 145156   19273  	oct	145155145156
    045462  aa   164040 154145   19274  	oct	164040154145
    045463  aa   166145 154040   19275  	oct	166145154040
    045464  aa   066066 040151   19276  	oct	066066040151
    045465  aa   164145 155040   19277  	oct	164145155040
    045466  aa   050162 145146   19278  	oct	050162145146
    045467  aa   145162 145156   19279  	oct	145162145156
    045470  aa   143145 051040   19280  	oct	143145051040
    045471  aa   146157 162155   19281  	oct	146157162155
    045472  aa   141164 040061   19282  	oct	141164040061
    045473  aa   040123 105116   19283  	oct	040123105116
    045474  aa   104040 163164   19284  	oct	104040163164
    045475  aa   141164 145155   19285  	oct	141164145155
    045476  aa   145156 164040   19286  	oct	145156164040
    045477  aa   163145 147155   19287  	oct	163145147155
    045500  aa   145156 164040   19288  	oct	145156164040
    045501  aa   156165 155142   19289  	oct	156165155142
    045502  aa   145162 040156   19290  	oct	145162040156
    045503  aa   157164 040154   19291  	oct	157164040154
    045504  aa   145163 163040   19292  	oct	145163163040
    045505  aa   164150 141156   19293  	oct	164150141156
    045506  aa   040163 145147   19294  	oct	040163145147
    045507  aa   155145 156164   19295  	oct	155145156164
    045510  aa   040154 151155   19296  	oct	040154151155
    045511  aa   151164 040160   19297  	oct	151164040160
    045512  aa   162157 143145   19298  	oct	162157143145
    045513  aa   144165 162145   19299  	oct	144165162145
    045514  aa   040156 141155   19300  	oct	040156141155
    045515  aa   145040 151154   19301  	oct	145040151154
    045516  aa   154145 147141   19302  	oct	154145147141
    045517  aa   154054 040125   19303  	oct	154054040125
    045520  aa   123105 040106   19304  	oct	123105040106
    045521  aa   117122 040104   19305  	oct	117122040104
    045522  aa   105102 125107   19306  	oct	105102125107
    045523  aa   107111 116107   19307  	oct	107111116107
    045524  aa   040117 116040   19308  	oct	040117116040
    045525  aa   101114 114040   19309  	oct	101114114040
    045526  aa   120122 117103   19310  	oct	120122117103
    045527  aa   105104 125122   19311  	oct	105104125122
    045530  aa   105123 040141   19312  	oct	105123040141
    045531  aa   154162 145141   19313  	oct	154162145141
    045532  aa   144171 040163   19314  	oct	144171040163
    045533  aa   160145 143151   19315  	oct	160145143151
    045534  aa   146151 145144   19316  	oct	146151145144
    045535  aa   040160 162157   19317  	oct	040160162157
    045536  aa   143145 144165   19318  	oct	143145144165
    045537  aa   162145 055156   19319  	oct	162145055156
    045540  aa   141155 145040   19320  	oct	141155145040
    045541  aa   160162 145166   19321  	oct	160162145166
    045542  aa   151157 165163   19322  	oct	151157165163
    045543  aa   154171 040165   19323  	oct	154171040165
    045544  aa   163145 144040   19324  	oct	163145144040
    045545  aa   151156 040125   19325  	oct	151156040125
    045546  aa   123105 040106   19326  	oct	123105040106
    045547  aa   117122 040104   19327  	oct	117122040104
    045550  aa   105102 125107   19328  	oct	105102125107
    045551  aa   107111 116107   19329  	oct	107111116107
    045552  aa   040163 164141   19330  	oct	040163164141
    045553  aa   164145 155145   19331  	oct	164145155145
    045554  aa   156164 040144   19332  	oct	156164040144
    045555  aa   141164 141055   19333  	oct	141164141055
    045556  aa   156141 155145   19334  	oct	156141155145
    045557  aa   040160 162145   19335  	oct	040160162145
    045560  aa   166151 157165   19336  	oct	166151157165
    045561  aa   163154 171040   19337  	oct	163154171040
    045562  aa   165163 145144   19338  	oct	165163145144
    045563  aa   040151 156040   19339  	oct	040151156040
    045564  aa   125123 105040   19340  	oct	125123105040
    045565  aa   106117 122040   19341  	oct	106117122040
    045566  aa   104105 102125   19342  	oct	104105102125
    045567  aa   107107 111116   19343  	oct	107107111116
    045570  aa   107040 163164   19344  	oct	107040163164
    045571  aa   141164 145155   19345  	oct	141164145155
    045572  aa   145156 164040   19346  	oct	145156164040
    045573  aa   146151 154145   19347  	oct	146151154145
    045574  aa   055156 141155   19348  	oct	055156141155
    045575  aa   145040 160162   19349  	oct	145040160162
    045576  aa   145166 151157   19350  	oct	145166151157
    045577  aa   165163 154171   19351  	oct	165163154171
    045600  aa   040165 163145   19352  	oct	040165163145
    045601  aa   144040 151156   19353  	oct	144040151156
    045602  aa   040125 123105   19354  	oct	040125123105
    045603  aa   040106 117122   19355  	oct	040106117122
    045604  aa   040104 105102   19356  	oct	040104105102
    045605  aa   125107 107111   19357  	oct	125107107111
    045606  aa   116107 040163   19358  	oct	116107040163
    045607  aa   164141 164145   19359  	oct	164141164145
    045610  aa   155145 156164   19360  	oct	155145156164
    045611  aa   040143 144055   19361  	oct	040143144055
    045612  aa   156141 155145   19362  	oct	156141155145
    045613  aa   040160 162145   19363  	oct	040160162145
    045614  aa   166151 157165   19364  	oct	166151157165
    045615  aa   163154 171040   19365  	oct	163154171040
    045616  aa   165163 145144   19366  	oct	165163145144
    045617  aa   040151 156040   19367  	oct	040151156040
    045620  aa   125123 105040   19368  	oct	125123105040
    045621  aa   106117 122040   19369  	oct	106117122040
    045622  aa   104105 102125   19370  	oct	104105102125
    045623  aa   107107 111116   19371  	oct	107107111116
    045624  aa   107040 163164   19372  	oct	107040163164
    045625  aa   141164 145155   19373  	oct	141164145155
    045626  aa   145156 164040   19374  	oct	145156164040
    045627  aa   101114 114040   19375  	oct	101114114040
    045630  aa   120122 117103   19376  	oct	120122117103
    045631  aa   105104 125122   19377  	oct	105104125122
    045632  aa   105123 040160   19378  	oct	105123040160
    045633  aa   150162 141163   19379  	oct	150162141163
    045634  aa   145040 151154   19380  	oct	145040151154
    045635  aa   154145 147141   19381  	oct	154145147141
    045636  aa   154054 040125   19382  	oct	154054040125
    045637  aa   123105 040106   19383  	oct	123105040106
    045640  aa   117122 040104   19384  	oct	117122040104
    045641  aa   105102 125107   19385  	oct	105102125107
    045642  aa   107111 116107   19386  	oct	107111116107
    045643  aa   040117 116040   19387  	oct	040117116040
    045644  aa   160162 157143   19388  	oct	160162157143
    045645  aa   145144 165162   19389  	oct	145144165162
    045646  aa   145055 156141   19390  	oct	145055156141
    045647  aa   155145 040160   19391  	oct	155145040160
    045650  aa   162145 166151   19392  	oct	162145166151
    045651  aa   157165 163154   19393  	oct	157165163154
    045652  aa   171040 163160   19394  	oct	171040163160
    045653  aa   145143 151146   19395  	oct	145143151146
    045654  aa   151145 144040   19396  	oct	151145144040
    045655  aa   101114 114040   19397  	oct	101114114040
    045656  aa   120122 117103   19398  	oct	120122117103
    045657  aa   105104 125122   19399  	oct	105104125122
    045660  aa   105123 040160   19400  	oct	105123040160
    045661  aa   150162 141163   19401  	oct	150162141163
    045662  aa   145040 151154   19402  	oct	145040151154
    045663  aa   154145 147141   19403  	oct	154145147141
    045664  aa   154054 125123   19404  	oct	154054125123
    045665  aa   105040 106117   19405  	oct	105040106117
    045666  aa   122040 104105   19406  	oct	122040104105
    045667  aa   102125 107107   19407  	oct	102125107107
    045670  aa   111116 107040   19408  	oct	111116107040
    045671  aa   117116 040101   19409  	oct	117116040101
    045672  aa   114114 040120   19410  	oct	114114040120
    045673  aa   122117 103105   19411  	oct	122117103105
    045674  aa   104125 122105   19412  	oct	104125122105
    045675  aa   123040 160162   19413  	oct	123040160162
    045676  aa   145166 151157   19414  	oct	145166151157
    045677  aa   165163 154171   19415  	oct	165163154171
    045700  aa   040163 160145   19416  	oct	040163160145
    045701  aa   143151 146151   19417  	oct	143151146151
    045702  aa   145144 040145   19418  	oct	145144040145
                                 19419  	end

NO LITERALS
     
NAME DEFINITIONS FOR ENTRY POINTS AND SEGDEFS

    045704  5a   000003 000000 
    045705  5a   000032 600000 
    045706  aa   000000 000000 
    045707  55   000013 000002 
    045710  5a   000002 400003 
    045711  55   000006 000013 
    045712  aa  021 143 157 142
    045713  aa  157 154 137 144
    045714  aa  151 141 147 137
    045715  aa  164 141 142 154
    045716  aa  145 137 000 000
    045717  55   000023 000003 
    045720  0a   000000 400000 
    045721  55   000016 000003 
    045722  aa  021 143 157 142         cobol_diag_table_
    045723  aa  157 154 137 144
    045724  aa  151 141 147 137
    045725  aa  164 141 142 154
    045726  aa  145 137 000 000
    045727  55   000002 000013 
    045730  6a   000000 400002 
    045731  55   000026 000003 
    045732  aa  014 163 171 155         symbol_table
    045733  aa  142 157 154 137
    045734  aa  164 141 142 154
    045735  aa  145 000 000 000

DEFINITIONS HASH TABLE

    045736  aa   000000 000015 
    045737  aa   000000 000000 
    045740  5a   000013 000000 
    045741  aa   000000 000000 
    045742  aa   000000 000000 
    045743  aa   000000 000000 
    045744  aa   000000 000000 
    045745  5a   000023 000000 
    045746  aa   000000 000000 
    045747  aa   000000 000000 
    045750  aa   000000 000000 
    045751  aa   000000 000000 
    045752  aa   000000 000000 
    045753  aa   000000 000000 

NO EXTERNAL NAMES

NO TRAP POINTER WORDS

TYPE PAIR BLOCKS

    045754  aa   000001 000000 
    045755  aa   000000 000000 

INTERNAL EXPRESSION WORDS

LINKAGE INFORMATION
      
    000000  aa   000000 000000 
    000001  0a   045704 000000 
    000002  aa   000000 000000 
    000003  aa   000000 000000 
    000004  aa   000000 000000 
    000005  aa   000000 000000 
    000006  22   000010 000010 
    000007  a2   000000 000000 
SYMBOL INFORMATION
     
SYMBOL TABLE HEADER
     
    000000  aa   000000 000001 
    000001  aa   163171 155142 
    000002  aa   164162 145145 
    000003  aa   000000 000010 
    000004  aa   000000 117244 
    000005  aa   361023 525721 
    000006  aa   000000 131064 
    000007  aa   503740 240516 
    000010  aa   141154 155040 
    000011  aa   040040 040040 
    000012  aa   000024 000040 
    000013  aa   000034 000040 
    000014  aa   000044 000100 
    000015  aa   000002 000002 
    000016  aa   000064 000000 
    000017  aa   000000 002214 
    000020  aa   000000 000104 
    000021  aa   002177 002174 
    000022  aa   002206 000104 
    000023  aa   000064 000000 
    000024  aa   101114 115040 
    000025  aa   126145 162163 
    000026  aa   151157 156040 
    000027  aa   070056 061064 
    000030  aa   040115 141162 
    000031  aa   143150 040061 
    000032  aa   071070 071040 
    000033  aa   040040 040040 
    000034  aa   123143 150162 
    000035  aa   157164 150056 
    000036  aa   123171 163115 
    000037  aa   141151 156164 
    000040  aa   056155 040040 
    000041  aa   040040 040040 
    000042  aa   040040 040040 
    000043  aa   040040 040040 
    000044  aa   154151 163164 
    000045  aa   040163 171155 
    000046  aa   142157 154163 
    000047  aa   040040 040040 
    000050  aa   040040 040040 
    000051  aa   040040 040040 
    000052  aa   040040 040040 
    000053  aa   040040 040040 
    000054  aa   040040 040040 
    000055  aa   040040 040040 
    000056  aa   040040 040040 
    000057  aa   040040 040040 
    000060  aa   040040 040040 
    000061  aa   040040 040040 
    000062  aa   040040 040040 
    000063  aa   040040 040040 
    000064  aa   000000 000001 
    000065  aa   000000 000001 
    000066  aa   000072 000045 
    000067  aa   310561 237122 
    000070  aa   000000 131064 
    000071  aa   503740 200000 
    000072  aa   076165 144144          >udd>sm>ds>w>ml>cobol_diag_table_.alm
    000073  aa   076163 155076 
    000074  aa   144163 076167 
    000075  aa   076155 154076 
    000076  aa   143157 142157 
    000077  aa   154137 144151 
    000100  aa   141147 137164 
    000101  aa   141142 154145 
    000102  aa   137056 141154 
    000103  aa   155040 040040 
               MULTICS ASSEMBLY CROSS REFERENCE LISTING

   Value        Symbol                   Source file   Line number

           0    cobol_diag_table_        cobol_diag_table_:   22,   23.


NO FATAL ERRORS
